mtllib material.mtl
usemtl Material_#57
v 1.62689500 3.65890900 11.95777100
v 1.89843800 3.65890900 10.60242400
v 1.62689500 6.07146500 11.95777100
v 1.89843800 6.07146500 10.60242400
v 6.83141900 -0.12346800 6.27528700
v 7.97052100 -0.11605700 4.44595200
v 7.97177500 2.71947100 4.44391900
v 7.97177500 2.71947100 4.44391900
v 6.85378500 2.72108100 6.28637400
v 6.85378500 2.72108100 6.28637400
v 7.97089900 1.00938300 4.44534100
v 7.97089900 1.00938300 4.44534100
v 6.83814500 1.00468400 6.27862200
v 6.83814500 1.00468400 6.27862200
v 6.90995200 1.00498100 6.16240700
v 6.90995200 1.00498100 6.16240700
v 6.90995200 1.00498100 6.16240700
v 7.90800100 1.00912300 4.54713600
v 7.90800100 1.00912300 4.54713600
v 7.90800100 1.00912300 4.54713600
v 7.90800100 1.00912300 4.54713600
v 7.90959000 2.59391300 4.54628200
v 7.90959000 2.59391300 4.54628200
v 7.90959000 2.59391300 4.54628200
v 6.92372400 2.59497900 6.16912400
v 6.92372400 2.59497900 6.16912400
v 6.92372400 2.59497900 6.16912400
v 6.92372400 2.59497900 6.16912400
v 7.45292900 1.00732700 5.28298700
v 7.45292900 1.00732700 5.28298700
v 7.45292900 1.00732700 5.28298700
v 7.45980200 2.59437600 5.28541700
v 7.45980200 2.59437600 5.28541700
v 7.45980200 2.59437600 5.28541700
v 7.45980200 2.59437600 5.28541700
v 7.46026600 2.72017600 5.28558100
v 7.37181100 1.00699100 5.41426900
v 7.37181100 1.00699100 5.41426900
v 7.37181100 1.00699100 5.41426900
v 7.37181100 1.00699100 5.41426900
v 7.37967400 2.59446300 5.41731400
v 7.37967400 2.59446300 5.41731400
v 7.37967400 2.59446300 5.41731400
v 7.38020600 2.72029200 5.41752100
v 7.87678400 1.00979500 4.38720500
v 7.87678400 1.00979500 4.38720500
v 7.87678400 1.00979500 4.38720500
v 7.87678400 1.00979500 4.38720500
v 7.87678400 1.00979500 4.38720500
v 7.87640800 -0.11564500 4.38781700
v 7.87640800 -0.11564500 4.38781700
v 7.87640800 -0.11564500 4.38781700
v 7.81315700 -0.11605700 4.48939100
v 7.81315700 -0.11605700 4.48939100
v 7.81315700 -0.11605700 4.48939100
v 7.35565900 -0.11888800 5.22373600
v 7.35565900 -0.11888800 5.22373600
v 7.35565900 -0.11888800 5.22373600
v 7.27408700 -0.11941800 5.35473500
v 7.27408700 -0.11941800 5.35473500
v 7.27408700 -0.11941800 5.35473500
v 6.80951400 -0.12258800 6.10118700
v 6.80951400 -0.12258800 6.10118700
v 6.80951400 -0.12258800 6.10118700
v 6.73730600 -0.12305700 6.21715100
v 6.73730600 -0.12305700 6.21715100
v 6.74403200 1.00509600 6.22048500
v 6.74403200 1.00509600 6.22048500
v 6.74403200 1.00509600 6.22048500
v 6.74403200 1.00509600 6.22048500
v 6.74403200 1.00509600 6.22048500
v 6.74403200 1.00509600 6.22048500
v 6.75967100 2.72149300 6.22823700
v 6.75967100 2.72149300 6.22823700
v 6.75967100 2.72149300 6.22823700
v 6.75967100 2.72149300 6.22823700
v 7.28609200 2.72070300 5.35938500
v 7.28609200 2.72070300 5.35938500
v 7.28609200 2.72070300 5.35938500
v 7.28609200 2.72070300 5.35938500
v 7.28609200 2.72070300 5.35938500
v 7.36615300 2.72058800 5.22744500
v 7.36615300 2.72058800 5.22744500
v 7.36615300 2.72058800 5.22744500
v 7.36615300 2.72058800 5.22744500
v 7.87766200 2.71988300 4.38578400
v 7.87766200 2.71988300 4.38578400
v 7.87766200 2.71988300 4.38578400
v 7.87766200 2.71988300 4.38578400
v 6.81583800 1.00539300 6.10427100
v 6.81583800 1.00539300 6.10427100
v 6.81583800 1.00539300 6.10427100
v 6.81583800 1.00539300 6.10427100
v 6.81583800 1.00539300 6.10427100
v 6.81583800 1.00539300 6.10427100
v 7.27769800 1.00740300 5.35613300
v 7.27769800 1.00740300 5.35613300
v 7.27769800 1.00740300 5.35613300
v 7.27769800 1.00740300 5.35613300
v 7.27769800 1.00740300 5.35613300
v 7.27769800 1.00740300 5.35613300
v 7.28556100 2.59487500 5.35917800
v 7.28556100 2.59487500 5.35917800
v 7.28556100 2.59487500 5.35917800
v 7.28556100 2.59487500 5.35917800
v 7.28556100 2.59487500 5.35917800
v 7.28556100 2.59487500 5.35917800
v 6.82961000 2.59539000 6.11098800
v 6.82961000 2.59539000 6.11098800
v 6.82961000 2.59539000 6.11098800
v 6.82961000 2.59539000 6.11098800
v 6.82961000 2.59539000 6.11098800
v 6.82961000 2.59539000 6.11098800
v 7.81388800 1.00953400 4.48900000
v 7.81388800 1.00953400 4.48900000
v 7.81388800 1.00953400 4.48900000
v 7.81388800 1.00953400 4.48900000
v 7.81388800 1.00953400 4.48900000
v 7.81388800 1.00953400 4.48900000
v 7.81547500 2.59432500 4.48814600
v 7.81547500 2.59432500 4.48814600
v 7.81547500 2.59432500 4.48814600
v 7.81547500 2.59432500 4.48814600
v 7.81547500 2.59432500 4.48814600
v 7.81547500 2.59432500 4.48814600
v 7.36568700 2.59478800 5.22728100
v 7.36568700 2.59478800 5.22728100
v 7.36568700 2.59478800 5.22728100
v 7.36568700 2.59478800 5.22728100
v 7.36568700 2.59478800 5.22728100
v 7.36568700 2.59478800 5.22728100
v 7.35881500 1.00773900 5.22485100
v 7.35881500 1.00773900 5.22485100
v 7.35881500 1.00773900 5.22485100
v 7.35881500 1.00773900 5.22485100
v 7.35881500 1.00773900 5.22485100
v 7.35881500 1.00773900 5.22485100
v 7.35881500 1.00773900 5.22485100
v 8.49571800 0.54387400 3.14277500
v 9.15996400 0.54387200 2.05533100
v 9.15995700 2.66271000 2.05532800
v 8.49571800 2.66271000 3.14277600
v 5.80882100 6.86785400 7.52997900
v 6.80802600 6.86785400 5.91027400
v 6.80802000 8.55189300 5.91027100
v 5.80882300 8.55189300 7.52997700
v 9.90221500 -0.12233100 9.42279500
v 9.45679000 -0.12243300 10.16252900
v 9.45679000 -0.12243300 10.16252900
v 9.45735800 2.08132800 10.17728600
v 9.90277800 2.08132800 9.42307900
v 9.90277800 2.08132800 9.42307900
v 9.55621300 7.94727400 6.51379900
v 8.73159600 7.94727500 5.99904400
v 9.55591800 5.88532900 6.51436600
v 8.73130600 5.88543200 5.99960200
v 8.23423500 7.98657900 5.91088900
v 7.30207700 7.98656400 5.33123100
v 8.22090000 6.78133200 5.90379200
v 7.29188200 6.78128400 5.32608700
v 9.70881700 8.76707200 1.17127200
v 9.62272200 8.76582100 0.82635600
v 13.35169400 8.76591400 3.47430300
v 13.35169400 8.76591400 3.47430300
v 13.69385800 8.76697900 3.37785500
v 13.69385800 8.76697900 3.37785500
v 7.97219800 9.07940500 12.93461800
v 8.03308800 9.07926200 12.89148100
v 8.10664400 9.07955100 12.90403200
v 8.14978100 9.08010200 12.96491800
v 8.13722800 9.08059300 13.03847400
v 8.07634000 9.08073500 13.08161100
v 8.00278300 9.08044700 13.06906000
v 7.95964600 9.07989600 13.00817400
v 8.23095100 -0.13900000 13.14612900
v 8.23095100 -0.13900000 13.14612900
v 8.26715500 -0.11044700 13.08745700
v 8.26715500 -0.11044700 13.08745700
v 8.28058300 -0.04154200 13.06216800
v 8.26337100 0.02735900 13.08507500
v 8.26337100 0.02735900 13.08507500
v 8.22560200 0.05589100 13.14276200
v 8.18939800 0.02733900 13.20143400
v 8.18939800 0.02733900 13.20143400
v 8.17596900 -0.04157000 13.22672300
v 8.19318100 -0.11046900 13.20381500
v 8.19318100 -0.11046900 13.20381500
v 12.97140700 3.53982000 4.14506400
v 12.30716100 3.53981900 5.23250800
v 12.30716600 5.37761700 5.23251000
v 12.97140600 5.37761800 4.14506400
v 8.84793400 6.83199100 10.82035100
v 7.85001800 6.83199200 12.44085200
v 7.85002400 8.51603100 12.44085500
v 8.84793200 8.51602900 10.82035200
v 1.62689500 5.04134100 11.95777100
v 1.89843800 5.04134100 10.60242400
v 7.81492400 3.54181800 2.53288600
v 7.81492400 3.54181800 2.53288600
v 7.81492400 3.54181800 2.53288600
v 7.78538900 3.54141000 2.56897400
v 7.78538900 3.54141000 2.56897400
v 7.78538900 3.54141000 2.56897400
v 8.31232400 3.54127600 2.93996700
v 8.31232400 3.54127600 2.93996700
v 8.31232400 3.54127600 2.93996700
v 8.31232400 3.54127600 2.93996700
v 8.28278700 3.54086900 2.97605400
v 8.28278700 3.54086900 2.97605400
v 8.28278700 3.54086900 2.97605400
v 7.80602400 5.36572800 2.54618800
v 7.80602400 5.36572800 2.54618800
v 7.80602400 5.36572800 2.54618800
v 7.77648800 5.36532200 2.58227600
v 7.77648800 5.36532200 2.58227600
v 7.77648800 5.36532200 2.58227600
v 8.30342200 5.36518800 2.95326900
v 8.30342200 5.36518800 2.95326900
v 8.30342200 5.36518800 2.95326900
v 8.27388700 5.36478000 2.98935800
v 8.27388700 5.36478000 2.98935800
v 8.27388700 5.36478000 2.98935800
v 8.27388700 5.36478000 2.98935800
v 8.26934700 3.54181700 1.92451200
v 8.26934700 3.54181700 1.92451200
v 8.26934700 3.54181700 1.92451200
v 8.27153900 3.54141000 1.97109600
v 8.27153900 3.54141000 1.97109600
v 8.27153900 3.54141000 1.97109600
v 8.91138100 3.54127600 1.89430700
v 8.91138100 3.54127600 1.89430700
v 8.91138100 3.54127600 1.89430700
v 8.91357200 3.54086900 1.94089100
v 8.91357200 3.54086900 1.94089100
v 8.91357200 3.54086900 1.94089100
v 8.27163100 5.36573000 1.94035500
v 8.27163100 5.36573000 1.94035500
v 8.27163100 5.36573000 1.94035500
v 8.27382400 5.36532200 1.98693800
v 8.27382400 5.36532200 1.98693800
v 8.27382400 5.36532200 1.98693800
v 8.91366600 5.36518800 1.91015000
v 8.91366600 5.36518800 1.91015000
v 8.91366600 5.36518800 1.91015000
v 8.91585600 5.36478000 1.95673300
v 8.91585600 5.36478000 1.95673300
v 8.91585600 5.36478000 1.95673300
v 9.15996500 3.53333700 2.05532600
v 9.15995900 5.37113600 2.05532400
v 8.49572000 3.53333800 3.14276900
v 8.49572000 5.37113600 3.14276800
v 6.17846700 3.54181800 5.85290900
v 6.17846700 3.54181800 5.85290900
v 6.17846700 3.54181800 5.85290900
v 6.72055500 3.54127600 5.50756600
v 6.72055500 3.54127600 5.50756600
v 6.72055500 3.54127600 5.50756600
v 6.74560900 3.54086900 5.54689900
v 6.74560900 3.54086900 5.54689900
v 6.74560900 3.54086900 5.54689900
v 6.20352500 3.54141000 5.89224100
v 6.20352500 3.54141000 5.89224100
v 6.20352500 3.54141000 5.89224100
v 6.18832300 5.36572800 5.86551900
v 6.18832300 5.36572800 5.86551900
v 6.18832300 5.36572800 5.86551900
v 6.21338000 5.36532200 5.90485100
v 6.21338000 5.36532200 5.90485100
v 6.21338000 5.36532200 5.90485100
v 6.75546600 5.36478000 5.55950700
v 6.75546600 5.36478000 5.55950700
v 6.75546600 5.36478000 5.55950700
v 6.73041100 5.36518800 5.52017700
v 6.73041100 5.36518800 5.52017700
v 6.73041100 5.36518800 5.52017700
v 7.41638600 3.54181700 3.92166600
v 7.41638600 3.54181700 3.92166600
v 7.41638600 3.54181700 3.92166600
v 7.34919300 3.54127600 4.56088700
v 7.34919300 3.54127600 4.56088700
v 7.34919300 3.54127600 4.56088700
v 7.30281400 3.54086900 4.55601400
v 7.30281400 3.54086900 4.55601400
v 7.30281400 3.54086900 4.55601400
v 7.37000800 3.54141000 3.91679100
v 7.37000800 3.54141000 3.91679100
v 7.37000800 3.54141000 3.91679100
v 7.40037900 5.36573000 3.92152800
v 7.40037900 5.36573000 3.92152800
v 7.40037900 5.36573000 3.92152800
v 7.35400200 5.36532200 3.91665300
v 7.35400200 5.36532200 3.91665300
v 7.35400200 5.36532200 3.91665300
v 7.28680800 5.36478000 4.55587500
v 7.28680800 5.36478000 4.55587500
v 7.28680800 5.36478000 4.55587500
v 7.33318600 5.36518800 4.56074900
v 7.33318600 5.36518800 4.56074900
v 7.33318600 5.36518800 4.56074900
v 6.91960800 3.53333900 5.75471200
v 7.58252500 3.53333700 4.66944400
v 6.91961000 5.37113600 5.75470900
v 7.58252000 5.37113600 4.66944000
v 5.30790800 3.54181800 7.09087100
v 5.30790800 3.54181800 7.09087100
v 5.30790800 3.54181800 7.09087100
v 5.40181200 3.54127600 7.72671900
v 5.40181200 3.54127600 7.72671900
v 5.40181200 3.54127600 7.72671900
v 5.35567800 3.54086900 7.73353000
v 5.35567800 3.54086900 7.73353000
v 5.35567800 3.54086900 7.73353000
v 5.26177300 3.54141000 7.09768500
v 5.26177300 3.54141000 7.09768500
v 5.26177300 3.54141000 7.09768500
v 5.29237400 5.36572800 7.09471900
v 5.29237400 5.36572800 7.09471900
v 5.29237400 5.36572800 7.09471900
v 5.29237400 5.36572800 7.09471900
v 5.24623900 5.36532200 7.10153200
v 5.24623900 5.36532200 7.10153200
v 5.24623900 5.36532200 7.10153200
v 5.34014300 5.36478000 7.73737900
v 5.34014300 5.36478000 7.73737900
v 5.34014300 5.36478000 7.73737900
v 5.34014300 5.36478000 7.73737900
v 5.38627700 5.36518800 7.73056700
v 5.38627700 5.36518800 7.73056700
v 5.38627700 5.36518800 7.73056700
v 5.52919200 3.54181700 7.05587200
v 5.52919200 3.54181700 7.05587200
v 5.52919200 3.54181700 7.05587200
v 6.03255000 3.54127600 6.65618600
v 6.03255000 3.54127600 6.65618600
v 6.03255000 3.54127600 6.65618600
v 6.06155100 3.54086900 6.69270800
v 6.06155100 3.54086900 6.69270800
v 6.06155100 3.54086900 6.69270800
v 5.55819000 3.54141000 7.09239400
v 5.55819000 3.54141000 7.09239400
v 5.55819000 3.54141000 7.09239400
v 5.55819000 3.54141000 7.09239400
v 5.54030200 5.36573000 7.06739400
v 5.54030200 5.36573000 7.06739400
v 5.54030200 5.36573000 7.06739400
v 5.54030200 5.36573000 7.06739400
v 5.56930200 5.36532200 7.10391400
v 5.56930200 5.36532200 7.10391400
v 5.56930200 5.36532200 7.10391400
v 6.07266100 5.36478000 6.70422900
v 6.07266100 5.36478000 6.70422900
v 6.07266100 5.36478000 6.70422900
v 6.04366100 5.36518800 6.66770900
v 6.04366100 5.36518800 6.66770900
v 6.04366100 5.36518800 6.66770900
v 5.60626100 3.53333900 7.89254500
v 6.26917800 3.53333700 6.80727800
v 5.60626300 5.37113600 7.89254200
v 6.26917300 5.37113600 6.80727500
v 6.27218200 2.66271000 6.81842600
v 5.60794300 2.66271000 7.90587200
v 6.27218800 0.54387200 6.81842700
v 5.60794400 0.54387400 7.90587300
v 3.89736400 5.13368600 8.96897400
v 3.89736400 6.97148500 8.96897300
v 2.65195100 6.97148400 8.69933800
v 2.65195300 5.13368600 8.69933200
v 2.68057500 5.14573100 7.91013900
v 2.68057500 5.14573100 7.91013900
v 2.68057500 5.14573100 7.91013900
v 2.76571000 5.14519100 8.54721900
v 2.76571000 5.14519100 8.54721900
v 2.76571000 5.14519100 8.54721900
v 2.71948600 5.14478300 8.55339500
v 2.71948600 5.14478300 8.55339500
v 2.71948600 5.14478300 8.55339500
v 2.63435000 5.14532400 7.91631600
v 2.63435000 5.14532400 7.91631600
v 2.63435000 5.14532400 7.91631600
v 2.63435000 5.14532400 7.91631600
v 2.66498900 6.96964300 7.91377300
v 2.66498900 6.96964300 7.91377300
v 2.66498900 6.96964300 7.91377300
v 2.66498900 6.96964300 7.91377300
v 2.66498900 6.96964300 7.91377300
v 2.61876400 6.96923600 7.91994800
v 2.61876400 6.96923600 7.91994800
v 2.61876400 6.96923600 7.91994800
v 2.70390200 6.96869400 8.55702800
v 2.70390200 6.96869400 8.55702800
v 2.70390200 6.96869400 8.55702800
v 2.70390200 6.96869400 8.55702800
v 2.75012400 6.96910300 8.55085300
v 2.75012400 6.96910300 8.55085300
v 2.75012400 6.96910300 8.55085300
v 3.39645500 5.14236500 8.36519100
v 3.39645500 5.14236500 8.36519100
v 3.39645500 5.14236500 8.36519100
v 3.95929900 5.14182400 8.67555500
v 3.95929900 5.14182400 8.67555500
v 3.95929900 5.14182400 8.67555500
v 3.95929900 5.14182400 8.67555500
v 3.95929900 5.14182400 8.67555500
v 3.93678100 5.14141700 8.71639300
v 3.93678100 5.14141700 8.71639300
v 3.93678100 5.14141700 8.71639300
v 3.37393700 5.14195800 8.40602800
v 3.37393700 5.14195800 8.40602800
v 3.37393700 5.14195800 8.40602800
v 3.37393700 5.14195800 8.40602800
v 3.39010800 6.96627800 8.37988400
v 3.39010800 6.96627800 8.37988400
v 3.39010800 6.96627800 8.37988400
v 3.36758900 6.96587000 8.42072000
v 3.36758900 6.96587000 8.42072000
v 3.36758900 6.96587000 8.42072000
v 3.93043300 6.96532800 8.73108700
v 3.93043300 6.96532800 8.73108700
v 3.93043300 6.96532800 8.73108700
v 3.93043300 6.96532800 8.73108700
v 3.95295000 6.96573600 8.69024800
v 3.95295000 6.96573600 8.69024800
v 3.95295000 6.96573600 8.69024800
v 10.78087800 7.98766900 7.54476000
v 9.84872100 7.98765300 6.96510100
v 10.76754300 6.78242000 7.53766300
v 9.83852400 6.78237200 6.95995700
v 11.41358000 3.54181800 7.53912400
v 11.41358000 3.54181800 7.53912400
v 11.41358000 3.54181800 7.53912400
v 10.95696200 3.54127600 7.99147500
v 10.95696200 3.54127600 7.99147500
v 10.95696200 3.54127600 7.99147500
v 10.95696200 3.54127600 7.99147500
v 10.92413900 3.54086900 7.95834300
v 10.92413900 3.54086900 7.95834300
v 10.92413900 3.54086900 7.95834300
v 11.38076100 3.54141000 7.50599600
v 11.38076100 3.54141000 7.50599600
v 11.38076100 3.54141000 7.50599600
v 11.38076100 3.54141000 7.50599600
v 11.38076100 3.54141000 7.50599600
v 11.40127600 5.36572800 7.52889100
v 11.40127600 5.36572800 7.52889100
v 11.40127600 5.36572800 7.52889100
v 11.40127600 5.36572800 7.52889100
v 11.36845900 5.36532200 7.49576100
v 11.36845900 5.36532200 7.49576100
v 11.36845900 5.36532200 7.49576100
v 10.91183600 5.36478000 7.94810900
v 10.91183600 5.36478000 7.94810900
v 10.91183600 5.36478000 7.94810900
v 10.94465600 5.36518800 7.98123700
v 10.94465600 5.36518800 7.98123700
v 10.94465600 5.36518800 7.98123700
v 11.63609800 3.54181700 6.92219400
v 11.63609800 3.54181700 6.92219400
v 11.63609800 3.54181700 6.92219400
v 11.63609800 3.54181700 6.92219400
v 11.34303100 3.54127600 7.49423600
v 11.34303100 3.54127600 7.49423600
v 11.34303100 3.54127600 7.49423600
v 11.30152100 3.54086900 7.47296600
v 11.30152100 3.54086900 7.47296600
v 11.30152100 3.54086900 7.47296600
v 11.30152100 3.54086900 7.47296600
v 11.59459200 3.54141000 6.90093000
v 11.59459200 3.54141000 6.90093000
v 11.59459200 3.54141000 6.90093000
v 11.62121600 5.36573000 6.91629500
v 11.62121600 5.36573000 6.91629500
v 11.62121600 5.36573000 6.91629500
v 11.57971000 5.36532200 6.89503300
v 11.57971000 5.36532200 6.89503300
v 11.57971000 5.36532200 6.89503300
v 11.28664300 5.36478000 7.46707200
v 11.28664300 5.36478000 7.46707200
v 11.28664300 5.36478000 7.46707200
v 11.32814700 5.36518800 7.48833800
v 11.32814700 5.36518800 7.48833800
v 11.32814700 5.36518800 7.48833800
v 11.34363200 3.53333900 6.74254000
v 10.69185200 3.53333700 7.83453200
v 11.34362900 5.37113600 6.74254100
v 10.69185400 5.37113600 7.83453500
v 9.79186900 3.54194600 10.94701600
v 9.79186900 3.54194600 10.94701600
v 9.79186900 3.54194600 10.94701600
v 9.79186900 3.54194600 10.94701600
v 9.47243000 3.54092900 10.38927100
v 9.47243000 3.54092900 10.38927100
v 9.47243000 3.54092900 10.38927100
v 9.47243000 3.54092900 10.38927100
v 9.47243000 3.54092900 10.38927100
v 9.51290200 3.54069500 10.36609300
v 9.51290200 3.54069500 10.36609300
v 9.51290200 3.54069500 10.36609300
v 9.51290200 3.54069500 10.36609300
v 9.83233600 3.54171200 10.92384100
v 9.83233600 3.54171200 10.92384100
v 9.83233600 3.54171200 10.92384100
v 9.79836100 5.36590200 10.93997000
v 9.79836100 5.36590200 10.93997000
v 9.79836100 5.36590200 10.93997000
v 9.79836100 5.36590200 10.93997000
v 9.83882800 5.36566900 10.91679500
v 9.83882800 5.36566900 10.91679500
v 9.83882800 5.36566900 10.91679500
v 9.83882800 5.36566900 10.91679500
v 9.51939300 5.36465100 10.35904600
v 9.51939300 5.36465100 10.35904600
v 9.51939300 5.36465100 10.35904600
v 9.51939300 5.36465100 10.35904600
v 9.47892700 5.36488600 10.38222500
v 9.47892700 5.36488600 10.38222500
v 9.47892700 5.36488600 10.38222500
v 9.47892700 5.36488600 10.38222500
v 10.02330000 3.54123900 9.42724000
v 10.02330000 3.54123900 9.42724000
v 10.02330000 3.54123900 9.42724000
v 10.58938000 3.54103300 9.12281400
v 10.58938000 3.54103300 9.12281400
v 10.58938000 3.54103300 9.12281400
v 10.61146900 3.54145000 9.16389600
v 10.61146900 3.54145000 9.16389600
v 10.61146900 3.54145000 9.16389600
v 10.04538800 3.54165600 9.46831300
v 10.04538800 3.54165600 9.46831300
v 10.04538800 3.54165600 9.46831300
v 10.04538800 3.54165600 9.46831300
v 10.01610000 5.36514900 9.41261700
v 10.01610000 5.36514900 9.41261700
v 10.01610000 5.36514900 9.41261700
v 10.01610000 5.36514900 9.41261700
v 10.01610000 5.36514900 9.41261700
v 10.03818900 5.36556500 9.45369000
v 10.03818900 5.36556500 9.45369000
v 10.03818900 5.36556500 9.45369000
v 10.60426500 5.36535900 9.14926600
v 10.60426500 5.36535900 9.14926600
v 10.60426500 5.36535900 9.14926600
v 10.60426500 5.36535900 9.14926600
v 10.58218100 5.36494300 9.10819200
v 10.58218100 5.36494300 9.10819200
v 10.58218100 5.36494300 9.10819200
v 9.87667500 3.53333900 9.18157000
v 9.22489400 3.53333700 10.27356100
v 9.87667100 5.37113600 9.18157000
v 9.22489500 5.37113600 10.27356300
v 12.58675000 3.54194600 5.93059400
v 12.58675000 3.54194600 5.93059400
v 12.58675000 3.54194600 5.93059400
v 12.57391400 3.54092900 5.28797700
v 12.57391400 3.54092900 5.28797700
v 12.57391400 3.54092900 5.28797700
v 12.62054300 3.54069500 5.28704700
v 12.62054300 3.54069500 5.28704700
v 12.62054300 3.54069500 5.28704700
v 12.63337800 3.54171200 5.92966300
v 12.63337800 3.54171200 5.92966300
v 12.63337800 3.54171200 5.92966300
v 12.63337800 3.54171200 5.92966300
v 12.59582800 5.36590200 5.92752400
v 12.59582800 5.36590200 5.92752400
v 12.59582800 5.36590200 5.92752400
v 12.59582800 5.36590200 5.92752400
v 12.64245100 5.36566900 5.92659600
v 12.64245100 5.36566900 5.92659600
v 12.64245100 5.36566900 5.92659600
v 12.62961700 5.36465100 5.28397800
v 12.62961700 5.36465100 5.28397800
v 12.62961700 5.36465100 5.28397800
v 12.58299300 5.36488600 5.28490800
v 12.58299300 5.36488600 5.28490800
v 12.58299300 5.36488600 5.28490800
v 13.07256000 3.54123900 4.37308200
v 13.07256000 3.54123900 4.37308200
v 13.07256000 3.54123900 4.37308200
v 13.61127700 3.54103300 4.02250300
v 13.61127700 3.54103300 4.02250300
v 13.61127700 3.54103300 4.02250300
v 13.63671800 3.54145000 4.06159900
v 13.63671800 3.54145000 4.06159900
v 13.63671800 3.54145000 4.06159900
v 13.09799500 3.54165600 4.41216500
v 13.09799500 3.54165600 4.41216500
v 13.09799500 3.54165600 4.41216500
v 13.06416500 5.36514900 4.35910900
v 13.06416500 5.36514900 4.35910900
v 13.06416500 5.36514900 4.35910900
v 13.08960300 5.36556500 4.39819700
v 13.08960300 5.36556500 4.39819700
v 13.08960300 5.36556500 4.39819700
v 13.62831900 5.36535900 4.04762300
v 13.62831900 5.36535900 4.04762300
v 13.62831900 5.36535900 4.04762300
v 13.60288400 5.36494300 4.00853500
v 13.60288400 5.36494300 4.00853500
v 13.60288400 5.36494300 4.00853500
v 8.65458600 3.53982000 11.28811100
v 8.65458600 5.37761800 11.28811100
v 7.99034500 5.37761700 12.37555700
v 7.99034000 3.53981900 12.37555300
v 8.80094100 3.54194600 12.22739300
v 8.80094100 3.54194600 12.22739300
v 8.80094100 3.54194600 12.22739300
v 8.22757500 3.54092900 12.51786200
v 8.22757500 3.54092900 12.51786200
v 8.22757500 3.54092900 12.51786200
v 8.22757500 3.54092900 12.51786200
v 8.20649600 3.54069500 12.47625800
v 8.20649600 3.54069500 12.47625800
v 8.20649600 3.54069500 12.47625800
v 8.77986400 3.54171200 12.18579100
v 8.77986400 3.54171200 12.18579100
v 8.77986400 3.54171200 12.18579100
v 8.77986400 3.54171200 12.18579100
v 8.79423200 5.36590200 12.22054700
v 8.79423200 5.36590200 12.22054700
v 8.79423200 5.36590200 12.22054700
v 8.79423200 5.36590200 12.22054700
v 8.79423200 5.36590200 12.22054700
v 8.77316100 5.36566900 12.17894600
v 8.77316100 5.36566900 12.17894600
v 8.77316100 5.36566900 12.17894600
v 8.19979600 5.36465100 12.46941700
v 8.19979600 5.36465100 12.46941700
v 8.19979600 5.36465100 12.46941700
v 8.19979600 5.36465100 12.46941700
v 8.19979600 5.36465100 12.46941700
v 8.22086800 5.36488600 12.51101500
v 8.22086800 5.36488600 12.51101500
v 8.22086800 5.36488600 12.51101500
v 8.86810400 3.54123900 11.41353500
v 8.86810400 3.54123900 11.41353500
v 8.86810400 3.54123900 11.41353500
v 9.17681800 3.54103300 11.97728600
v 9.17681800 3.54103300 11.97728600
v 9.17681800 3.54103300 11.97728600
v 9.17681800 3.54103300 11.97728600
v 9.13590600 3.54145000 11.99969100
v 9.13590600 3.54145000 11.99969100
v 9.13590600 3.54145000 11.99969100
v 8.82720300 3.54165600 11.43593200
v 8.82720300 3.54165600 11.43593200
v 8.82720300 3.54165600 11.43593200
v 8.82720300 3.54165600 11.43593200
v 8.88267200 5.36514900 11.40622300
v 8.88267200 5.36514900 11.40622300
v 8.88267200 5.36514900 11.40622300
v 8.88267200 5.36514900 11.40622300
v 8.84176800 5.36556500 11.42862600
v 8.84176800 5.36556500 11.42862600
v 8.84176800 5.36556500 11.42862600
v 9.15047700 5.36535900 11.99237400
v 9.15047700 5.36535900 11.99237400
v 9.15047700 5.36535900 11.99237400
v 9.15047700 5.36535900 11.99237400
v 9.19138300 5.36494300 11.96998100
v 9.19138300 5.36494300 11.96998100
v 9.19138300 5.36494300 11.96998100
v 10.62192000 6.86785400 7.94939300
v 9.62494900 6.86785400 9.57047700
v 9.62495900 8.55189300 9.57047900
v 10.62191800 8.55189300 7.94939500
v 10.72250600 2.66271000 7.86252600
v 11.38674400 2.66271000 6.77508000
v 10.72250000 0.54387200 7.86252300
v 11.38674400 0.54387400 6.77508000
v 13.48610600 8.76692000 3.24765000
v 13.55732600 8.76698400 3.59692700
v 9.83739200 8.76588200 0.96089600
v 9.83739200 8.76588200 0.96089600
v 9.49336900 8.76582600 1.04247700
v 9.49336900 8.76582600 1.04247700
vn -0.98050000 -0.00000000 -0.19640000
vn -0.98050000 -0.00000000 -0.19640000
vn -0.98050000 -0.00000000 -0.19640000
vn -0.98050000 -0.00000000 -0.19640000
vn -0.52550000 0.00060000 0.85080000
vn 0.52550000 -0.00060000 -0.85080000
vn 0.00360000 1.00000000 0.00130000
vn 0.52550000 -0.00100000 -0.85080000
vn -0.52550000 0.00090000 0.85080000
vn 0.00360000 1.00000000 0.00130000
vn 0.52550000 -0.00100000 -0.85080000
vn 0.52550000 -0.00060000 -0.85080000
vn -0.52550000 0.00060000 0.85080000
vn -0.52550000 0.00090000 0.85080000
vn -0.85090000 0.00960000 -0.52530000
vn 0.00200000 1.00000000 0.00390000
vn 0.52550000 -0.00100000 -0.85080000
vn -0.85050000 0.00450000 -0.52600000
vn -0.52550000 0.00100000 0.85080000
vn -0.85430000 0.00060000 -0.51980000
vn 0.00210000 1.00000000 0.00370000
vn -0.85430000 0.00060000 -0.51980000
vn -0.00350000 -1.00000000 -0.00150000
vn -0.52550000 0.00100000 0.85080000
vn -0.85090000 0.00960000 -0.52530000
vn -0.85500000 0.00520000 -0.51860000
vn 0.52550000 -0.00100000 -0.85080000
vn -0.00350000 -1.00000000 -0.00140000
vn -0.85050000 0.00450000 -0.52600000
vn 0.00210000 1.00000000 0.00370000
vn 0.52550000 -0.00100000 -0.85080000
vn 0.52550000 -0.00100000 -0.85080000
vn -0.85050000 0.00450000 -0.52600000
vn -0.85430000 0.00060000 -0.51980000
vn -0.00350000 -1.00000000 -0.00150000
vn 0.00360000 1.00000000 0.00130000
vn -0.85500000 0.00520000 -0.51860000
vn 0.00200000 1.00000000 0.00390000
vn -0.52550000 0.00100000 0.85080000
vn -0.85090000 0.00960000 -0.52530000
vn -0.85500000 0.00520000 -0.51860000
vn -0.00350000 -1.00000000 -0.00140000
vn -0.52550000 0.00100000 0.85080000
vn 0.00360000 1.00000000 0.00130000
vn -0.85220000 -0.00000000 -0.52330000
vn -0.84920000 0.00070000 -0.52800000
vn 0.52550000 -0.00060000 -0.85080000
vn -0.85340000 -0.00140000 -0.52130000
vn 0.52550000 -0.00100000 -0.85080000
vn 0.52550000 -0.00060000 -0.85080000
vn -0.85070000 -0.00000000 -0.52560000
vn -0.84890000 0.00040000 -0.52860000
vn -0.85080000 -0.00020000 -0.52540000
vn -0.84880000 0.00200000 -0.52880000
vn -0.84880000 0.00090000 -0.52870000
vn -0.85090000 0.00250000 -0.52530000
vn -0.84890000 0.00370000 -0.52860000
vn -0.84880000 0.00280000 -0.52870000
vn -0.85110000 0.00260000 -0.52500000
vn -0.84890000 0.00400000 -0.52850000
vn -0.84880000 0.00540000 -0.52870000
vn -0.84890000 0.00700000 -0.52850000
vn -0.85110000 0.00590000 -0.52490000
vn -0.84890000 0.00580000 -0.52840000
vn -0.52550000 0.00060000 0.85080000
vn -0.84890000 0.00660000 -0.52860000
vn -0.84940000 0.00780000 -0.52770000
vn -0.85270000 0.01210000 -0.52230000
vn -0.52550000 0.00090000 0.85080000
vn -0.52550000 0.00060000 0.85080000
vn -0.84930000 0.00960000 -0.52780000
vn -0.85210000 0.00780000 -0.52340000
vn -0.85380000 0.00950000 -0.52050000
vn -0.85520000 0.00830000 -0.51820000
vn 0.00360000 1.00000000 0.00130000
vn -0.52550000 0.00090000 0.85080000
vn -0.85490000 0.00360000 -0.51890000
vn -0.85460000 0.00540000 -0.51920000
vn -0.85560000 0.00690000 -0.51750000
vn 0.00360000 1.00000000 0.00130000
vn -0.85520000 0.00460000 -0.51820000
vn 0.00360000 1.00000000 0.00130000
vn -0.85500000 0.00070000 -0.51860000
vn -0.85440000 0.00510000 -0.51960000
vn -0.85470000 0.00260000 -0.51910000
vn -0.85370000 -0.00090000 -0.52070000
vn 0.00360000 1.00000000 0.00130000
vn -0.85550000 0.00070000 -0.51780000
vn 0.52550000 -0.00100000 -0.85080000
vn -0.85160000 0.00680000 -0.52410000
vn -0.84910000 0.00880000 -0.52820000
vn 0.00200000 1.00000000 0.00390000
vn -0.84900000 0.00680000 -0.52830000
vn -0.85200000 0.00510000 -0.52360000
vn 0.52550000 -0.00100000 -0.85080000
vn 0.00200000 1.00000000 0.00390000
vn -0.52550000 0.00100000 0.85080000
vn -0.84930000 0.00540000 -0.52780000
vn -0.85180000 0.00290000 -0.52390000
vn -0.84880000 0.00460000 -0.52860000
vn -0.85170000 0.00390000 -0.52390000
vn -0.85410000 0.00530000 -0.52010000
vn -0.52550000 0.00100000 0.85080000
vn -0.85200000 0.00680000 -0.52360000
vn -0.85410000 0.00340000 -0.52010000
vn -0.00350000 -1.00000000 -0.00140000
vn -0.85610000 0.00450000 -0.51670000
vn -0.85340000 0.00460000 -0.52130000
vn -0.85080000 0.00630000 -0.52550000
vn -0.85540000 0.00830000 -0.51790000
vn -0.85400000 0.00960000 -0.52020000
vn 0.52550000 -0.00100000 -0.85080000
vn -0.00350000 -1.00000000 -0.00140000
vn -0.84950000 0.00170000 -0.52760000
vn -0.52550000 0.00100000 0.85080000
vn 0.00210000 1.00000000 0.00370000
vn -0.85160000 0.00040000 -0.52420000
vn -0.85160000 -0.00060000 -0.52420000
vn -0.84870000 0.00100000 -0.52890000
vn -0.52550000 0.00100000 0.85080000
vn -0.85380000 0.00540000 -0.52060000
vn -0.00350000 -1.00000000 -0.00150000
vn -0.85070000 0.00220000 -0.52570000
vn -0.85550000 0.00060000 -0.51790000
vn -0.85370000 -0.00100000 -0.52070000
vn -0.85380000 0.00480000 -0.52060000
vn -0.85380000 0.00570000 -0.52060000
vn -0.85420000 0.00280000 -0.51990000
vn -0.00350000 -1.00000000 -0.00150000
vn -0.85590000 0.00320000 -0.51710000
vn 0.52550000 -0.00100000 -0.85080000
vn -0.85160000 0.00300000 -0.52420000
vn -0.85360000 0.00100000 -0.52100000
vn -0.84870000 0.00380000 -0.52890000
vn -0.84940000 0.00520000 -0.52770000
vn 0.52550000 -0.00100000 -0.85080000
vn 0.00210000 1.00000000 0.00370000
vn -0.85180000 0.00120000 -0.52390000
vn -0.85340000 -0.00000000 -0.52130000
vn -0.85340000 -0.00000000 -0.52130000
vn -0.85340000 -0.00000000 -0.52130000
vn -0.85340000 -0.00000000 -0.52130000
vn -0.85110000 -0.00000000 -0.52500000
vn -0.85110000 -0.00000000 -0.52500000
vn -0.85110000 -0.00000000 -0.52500000
vn -0.85110000 -0.00000000 -0.52500000
vn 0.85670000 -0.00030000 0.51580000
vn 0.85670000 -0.00030000 0.51580000
vn 0.86100000 -0.00360000 0.50850000
vn 0.86100000 -0.00360000 0.50850000
vn 0.85670000 -0.00030000 0.51580000
vn 0.86100000 -0.00360000 0.50850000
vn 0.52950000 -0.00030000 -0.84830000
vn 0.52950000 -0.00030000 -0.84830000
vn 0.52950000 -0.00030000 -0.84830000
vn 0.52950000 -0.00030000 -0.84830000
vn 0.52810000 -0.00080000 -0.84920000
vn 0.52810000 -0.00080000 -0.84920000
vn 0.52810000 -0.00080000 -0.84920000
vn 0.52810000 -0.00080000 -0.84920000
vn -0.00240000 1.00000000 -0.00540000
vn -0.00020000 1.00000000 -0.00010000
vn -0.00250000 1.00000000 -0.00270000
vn -0.00160000 1.00000000 0.00200000
vn -0.00220000 1.00000000 0.00310000
vn -0.00380000 1.00000000 -0.00240000
vn -0.00270000 1.00000000 -0.00710000
vn -0.00270000 1.00000000 -0.00710000
vn -0.00270000 1.00000000 -0.00710000
vn -0.00270000 1.00000000 -0.00710000
vn -0.00270000 1.00000000 -0.00710000
vn -0.00270000 1.00000000 -0.00710000
vn -0.00270000 1.00000000 -0.00710000
vn -0.00270000 1.00000000 -0.00710000
vn 0.84350000 0.03240000 0.53620000
vn 0.84340000 0.03240000 0.53630000
vn 0.84350000 0.03240000 0.53620000
vn 0.84340000 0.03240000 0.53630000
vn 0.84340000 0.03240000 0.53630000
vn 0.84340000 0.03240000 0.53630000
vn 0.84350000 0.03240000 0.53620000
vn 0.84350000 0.03240000 0.53620000
vn 0.84340000 0.03240000 0.53630000
vn 0.84350000 0.03240000 0.53620000
vn 0.84350000 0.03240000 0.53620000
vn 0.84340000 0.03240000 0.53630000
vn 0.84350000 0.03240000 0.53620000
vn 0.85340000 -0.00000000 0.52130000
vn 0.85340000 -0.00000000 0.52130000
vn 0.85340000 -0.00000000 0.52130000
vn 0.85340000 -0.00000000 0.52130000
vn 0.85150000 -0.00000000 0.52440000
vn 0.85150000 -0.00000000 0.52440000
vn 0.85150000 -0.00000000 0.52440000
vn 0.85150000 -0.00000000 0.52440000
vn -0.98050000 -0.00000000 -0.19640000
vn -0.98050000 -0.00000000 -0.19640000
vn 0.00490000 -1.00000000 -0.00730000
vn 0.63330000 0.00870000 -0.77380000
vn -0.77390000 0.00080000 -0.63330000
vn -0.63330000 -0.00870000 0.77380000
vn 0.00490000 -1.00000000 -0.00730000
vn -0.77390000 0.00080000 -0.63330000
vn 0.77390000 -0.00080000 0.63330000
vn 0.77380000 -0.00080000 0.63340000
vn 0.63330000 0.00870000 -0.77380000
vn 0.00490000 -1.00000000 -0.00730000
vn 0.00490000 -1.00000000 -0.00730000
vn -0.63330000 -0.00870000 0.77380000
vn 0.77380000 -0.00080000 0.63340000
vn -0.00490000 1.00000000 0.00730000
vn -0.77390000 0.00080000 -0.63330000
vn 0.63330000 0.00870000 -0.77380000
vn -0.00490000 1.00000000 0.00730000
vn -0.77390000 0.00080000 -0.63330000
vn -0.63330000 -0.00870000 0.77380000
vn -0.00490000 1.00000000 0.00730000
vn 0.63330000 0.00870000 -0.77380000
vn 0.77390000 -0.00080000 0.63330000
vn -0.00490000 1.00000000 0.00730000
vn 0.77390000 -0.00080000 0.63330000
vn -0.63330000 -0.00870000 0.77380000
vn 0.77380000 -0.00080000 0.63340000
vn -0.04700000 0.00870000 -0.99890000
vn -0.00130000 -1.00000000 -0.00870000
vn -0.99890000 0.00080000 0.04700000
vn -0.00130000 -1.00000000 -0.00870000
vn -0.99890000 0.00080000 0.04700000
vn 0.04700000 -0.00870000 0.99890000
vn -0.04700000 0.00870000 -0.99890000
vn -0.00130000 -1.00000000 -0.00870000
vn 0.99890000 -0.00080000 -0.04700000
vn -0.00130000 -1.00000000 -0.00870000
vn 0.99890000 -0.00080000 -0.04700000
vn 0.04700000 -0.00870000 0.99890000
vn -0.04700000 0.00870000 -0.99890000
vn 0.00130000 1.00000000 0.00870000
vn -0.99890000 0.00080000 0.04700000
vn -0.99890000 0.00080000 0.04700000
vn 0.04700000 -0.00870000 0.99890000
vn 0.00130000 1.00000000 0.00870000
vn 0.99890000 -0.00080000 -0.04700000
vn -0.04700000 0.00870000 -0.99890000
vn 0.00130000 1.00000000 0.00870000
vn 0.00130000 1.00000000 0.00870000
vn 0.04700000 -0.00870000 0.99890000
vn 0.99890000 -0.00080000 -0.04700000
vn -0.85340000 -0.00000000 -0.52130000
vn -0.85340000 -0.00000000 -0.52130000
vn -0.85340000 -0.00000000 -0.52130000
vn -0.85340000 -0.00000000 -0.52130000
vn -0.84340000 0.00080000 0.53730000
vn -0.00540000 -1.00000000 -0.00690000
vn -0.53730000 0.00870000 -0.84340000
vn 0.84340000 -0.00080000 -0.53730000
vn -0.53730000 0.00870000 -0.84340000
vn -0.00540000 -1.00000000 -0.00690000
vn -0.00540000 -1.00000000 -0.00690000
vn 0.84340000 -0.00080000 -0.53730000
vn 0.53730000 -0.00870000 0.84340000
vn -0.00540000 -1.00000000 -0.00690000
vn 0.53730000 -0.00870000 0.84340000
vn -0.84340000 0.00080000 0.53730000
vn -0.53730000 0.00870000 -0.84340000
vn -0.84340000 0.00080000 0.53730000
vn 0.00540000 1.00000000 0.00690000
vn 0.53730000 -0.00870000 0.84340000
vn 0.00540000 1.00000000 0.00690000
vn -0.84340000 0.00080000 0.53730000
vn 0.53730000 -0.00870000 0.84340000
vn 0.84340000 -0.00080000 -0.53730000
vn 0.00540000 1.00000000 0.00690000
vn 0.00540000 1.00000000 0.00690000
vn 0.84340000 -0.00080000 -0.53730000
vn -0.53730000 0.00870000 -0.84340000
vn 0.00880000 -1.00000000 0.00010000
vn 0.99450000 0.00870000 0.10450000
vn 0.10450000 0.00080000 -0.99450000
vn 0.99450000 0.00870000 0.10450000
vn 0.00880000 -1.00000000 0.00010000
vn -0.10450000 -0.00080000 0.99450000
vn -0.99450000 -0.00870000 -0.10450000
vn 0.00880000 -1.00000000 0.00010000
vn -0.10450000 -0.00080000 0.99450000
vn 0.10450000 0.00080000 -0.99450000
vn 0.00880000 -1.00000000 0.00010000
vn -0.99450000 -0.00870000 -0.10450000
vn 0.99450000 0.00870000 0.10450000
vn 0.10450000 0.00080000 -0.99450000
vn -0.00880000 1.00000000 -0.00010000
vn -0.99450000 -0.00870000 -0.10450000
vn 0.10450000 0.00080000 -0.99450000
vn -0.00880000 1.00000000 -0.00010000
vn -0.99450000 -0.00870000 -0.10450000
vn -0.00880000 1.00000000 -0.00010000
vn -0.10450000 -0.00080000 0.99450000
vn -0.10450000 -0.00080000 0.99450000
vn -0.00880000 1.00000000 -0.00010000
vn 0.99450000 0.00870000 0.10450000
vn -0.85340000 -0.00000000 -0.52130000
vn -0.85340000 -0.00000000 -0.52130000
vn -0.85340000 -0.00000000 -0.52130000
vn -0.85340000 -0.00000000 -0.52130000
vn -0.14610000 0.00080000 -0.98930000
vn 0.98920000 0.00870000 -0.14610000
vn 0.00850000 -1.00000000 -0.00210000
vn 0.14610000 -0.00080000 0.98930000
vn 0.00850000 -1.00000000 -0.00210000
vn 0.98920000 0.00870000 -0.14610000
vn -0.98920000 -0.00870000 0.14610000
vn 0.00850000 -1.00000000 -0.00210000
vn 0.14610000 -0.00080000 0.98930000
vn -0.98920000 -0.00870000 0.14610000
vn -0.14610000 0.00080000 -0.98930000
vn 0.00850000 -1.00000000 -0.00210000
vn -0.00860000 1.00000000 0.00210000
vn -0.00850000 1.00000000 0.00210000
vn 0.98920000 0.00870000 -0.14610000
vn -0.14610000 0.00080000 -0.98930000
vn -0.14610000 0.00080000 -0.98930000
vn -0.98920000 -0.00870000 0.14610000
vn -0.00850000 1.00000000 0.00210000
vn -0.00850000 1.00000000 0.00210000
vn -0.00860000 1.00000000 0.00210000
vn -0.98920000 -0.00870000 0.14610000
vn 0.14610000 -0.00080000 0.98930000
vn 0.14610000 -0.00080000 0.98930000
vn 0.98920000 0.00870000 -0.14610000
vn -0.00860000 1.00000000 0.00210000
vn -0.00610000 -1.00000000 -0.00630000
vn -0.62180000 0.00870000 -0.78310000
vn -0.78320000 0.00080000 0.62180000
vn 0.78310000 -0.00080000 -0.62190000
vn -0.00610000 -1.00000000 -0.00630000
vn -0.62180000 0.00870000 -0.78310000
vn 0.78310000 -0.00080000 -0.62190000
vn -0.00610000 -1.00000000 -0.00630000
vn 0.62180000 -0.00870000 0.78310000
vn -0.00610000 -1.00000000 -0.00630000
vn -0.78320000 0.00080000 0.62180000
vn 0.62180000 -0.00870000 0.78310000
vn -0.78310000 0.00080000 0.62190000
vn -0.78310000 0.00080000 0.62190000
vn -0.78320000 0.00080000 0.62180000
vn -0.62180000 0.00870000 -0.78310000
vn 0.00610000 1.00000000 0.00630000
vn 0.62180000 -0.00870000 0.78310000
vn -0.78310000 0.00080000 0.62190000
vn 0.00610000 1.00000000 0.00630000
vn 0.00610000 1.00000000 0.00630000
vn 0.62180000 -0.00870000 0.78310000
vn 0.78310000 -0.00080000 -0.62190000
vn -0.62180000 0.00870000 -0.78310000
vn 0.00610000 1.00000000 0.00630000
vn 0.78310000 -0.00080000 -0.62190000
vn -0.85340000 -0.00000000 -0.52130000
vn -0.85340000 -0.00000000 -0.52130000
vn -0.85340000 -0.00000000 -0.52130000
vn -0.85340000 -0.00000000 -0.52130000
vn -0.85340000 -0.00000000 -0.52130000
vn -0.85340000 -0.00000000 -0.52130000
vn -0.85340000 -0.00000000 -0.52130000
vn -0.85340000 -0.00000000 -0.52130000
vn -0.21160000 -0.00000000 0.97740000
vn -0.21160000 -0.00000000 0.97740000
vn -0.21160000 -0.00000000 0.97740000
vn -0.21160000 -0.00000000 0.97740000
vn 0.99120000 0.00870000 -0.13240000
vn -0.13250000 0.00080000 -0.99120000
vn 0.00860000 -1.00000000 -0.00200000
vn 0.13240000 -0.00080000 0.99120000
vn 0.00860000 -1.00000000 -0.00200000
vn 0.99120000 0.00870000 -0.13240000
vn 0.13240000 -0.00080000 0.99120000
vn 0.00860000 -1.00000000 -0.00200000
vn -0.99120000 -0.00870000 0.13240000
vn -0.13240000 0.00080000 -0.99120000
vn -0.99120000 -0.00870000 0.13240000
vn -0.13250000 0.00080000 -0.99120000
vn 0.00860000 -1.00000000 -0.00200000
vn -0.13240000 0.00080000 -0.99120000
vn 0.99120000 0.00870000 -0.13240000
vn -0.00860000 1.00000000 0.00200000
vn -0.13250000 0.00080000 -0.99120000
vn -0.00850000 1.00000000 0.00200000
vn -0.99120000 -0.00870000 0.13240000
vn -0.13240000 0.00080000 -0.99120000
vn -0.00850000 1.00000000 0.00200000
vn -0.00860000 1.00000000 0.00200000
vn 0.13240000 -0.00080000 0.99120000
vn -0.99120000 -0.00870000 0.13240000
vn -0.00850000 1.00000000 0.00200000
vn -0.00860000 1.00000000 0.00200000
vn 0.99120000 0.00870000 -0.13240000
vn 0.13240000 -0.00080000 0.99120000
vn -0.87570000 0.00080000 -0.48290000
vn 0.48290000 0.00870000 -0.87570000
vn 0.00350000 -1.00000000 -0.00800000
vn 0.87570000 -0.00080000 0.48290000
vn 0.00350000 -1.00000000 -0.00800000
vn 0.00350000 -1.00000000 -0.00810000
vn 0.87570000 -0.00080000 0.48280000
vn 0.48290000 0.00870000 -0.87570000
vn 0.87570000 -0.00080000 0.48290000
vn -0.48290000 -0.00870000 0.87570000
vn 0.00350000 -1.00000000 -0.00810000
vn -0.48290000 -0.00870000 0.87570000
vn 0.00350000 -1.00000000 -0.00800000
vn -0.87570000 0.00080000 -0.48290000
vn 0.00350000 -1.00000000 -0.00810000
vn 0.48290000 0.00870000 -0.87570000
vn -0.87570000 0.00080000 -0.48290000
vn -0.00350000 1.00000000 0.00810000
vn -0.00350000 1.00000000 0.00810000
vn -0.87570000 0.00080000 -0.48290000
vn -0.48290000 -0.00870000 0.87570000
vn -0.48290000 -0.00870000 0.87570000
vn 0.87570000 -0.00080000 0.48280000
vn -0.00350000 1.00000000 0.00810000
vn 0.87570000 -0.00080000 0.48290000
vn 0.87570000 -0.00080000 0.48280000
vn -0.00350000 1.00000000 0.00810000
vn 0.48290000 0.00870000 -0.87570000
vn 0.52810000 -0.00080000 -0.84920000
vn 0.52810000 -0.00080000 -0.84920000
