mtllib material.mtl
usemtl Material_#108
v 7.64563100 2.88357300 4.07795400
v 7.64563100 2.88357300 4.07795400
v 6.38881100 2.88357300 6.14464000
v 6.38881100 2.88357300 6.14464000
v 7.64604600 3.38529300 4.07820700
v 7.64604600 3.38529300 4.07820700
v 6.38922600 3.38529200 6.14489200
v 6.38922600 3.38529200 6.14489200
v 7.56084300 2.88366900 4.02639200
v 7.56084300 2.88366900 4.02639200
v 7.56084300 2.88366900 4.02639200
v 6.30402300 2.88366900 6.09307800
v 6.30402300 2.88366900 6.09307800
v 6.30402300 2.88366900 6.09307800
v 7.56125800 3.38538900 4.02664400
v 7.56125800 3.38538900 4.02664400
v 7.56125800 3.38538900 4.02664400
v 6.30443800 3.38538800 6.09333000
v 6.30443800 3.38538800 6.09333000
v 6.30443800 3.38538800 6.09333000
v 7.54177200 2.92043000 4.05781900
v 7.54177200 2.92043000 4.05781900
v 7.54177200 2.92043000 4.05781900
v 6.32315400 2.92043000 6.06168700
v 6.32315400 2.92043000 6.06168700
v 6.32315400 2.92043000 6.06168700
v 6.32350900 3.34862700 6.06190200
v 6.32350900 3.34862700 6.06190200
v 6.32350900 3.34862700 6.06190200
v 7.54212700 3.34862700 4.05803500
v 7.54212700 3.34862700 4.05803500
v 7.54212700 3.34862700 4.05803500
v 7.56904600 2.92040000 4.07440600
v 7.56904600 2.92040000 4.07440600
v 6.35042900 2.92039900 6.07827300
v 6.35042900 2.92039900 6.07827300
v 6.35078200 3.34859600 6.07848800
v 6.35078200 3.34859600 6.07848800
v 7.56940100 3.34859700 4.07462100
v 7.56940100 3.34859700 4.07462100
vn -0.00080000 -1.00000000 -0.00050000
vn 0.51960000 -0.00000000 -0.85440000
vn -0.00080000 -1.00000000 -0.00050000
vn -0.51960000 -0.00000000 0.85440000
vn 0.51960000 -0.00000000 -0.85440000
vn 0.00080000 1.00000000 0.00050000
vn -0.51960000 -0.00000000 0.85440000
vn 0.00080000 1.00000000 0.00050000
vn -0.00080000 -1.00000000 -0.00050000
vn -0.85440000 0.00100000 -0.51960000
vn 0.51960000 -0.00000000 -0.85440000
vn -0.00080000 -1.00000000 -0.00050000
vn -0.85440000 0.00100000 -0.51960000
vn -0.51960000 -0.00000000 0.85440000
vn -0.85440000 0.00100000 -0.51960000
vn 0.51960000 -0.00000000 -0.85440000
vn 0.00080000 1.00000000 0.00050000
vn 0.00080000 1.00000000 0.00050000
vn -0.85440000 0.00100000 -0.51960000
vn -0.51960000 -0.00000000 0.85440000
vn 0.00080000 1.00000000 0.00050000
vn -0.51960000 -0.00000000 0.85440000
vn -0.85440000 0.00100000 -0.51960000
vn -0.85440000 0.00100000 -0.51960000
vn 0.00080000 1.00000000 0.00050000
vn 0.51960000 -0.00000000 -0.85440000
vn 0.51960000 -0.00000000 -0.85440000
vn -0.00080000 -1.00000000 -0.00050000
vn -0.85440000 0.00100000 -0.51960000
vn -0.00080000 -1.00000000 -0.00050000
vn -0.85440000 0.00100000 -0.51960000
vn -0.51960000 -0.00000000 0.85440000
vn -0.51960000 -0.00000000 0.85440000
vn 0.00080000 1.00000000 0.00050000
vn 0.51960000 -0.00000000 -0.85440000
vn 0.00080000 1.00000000 0.00050000
vn -0.00080000 -1.00000000 -0.00050000
vn 0.51960000 -0.00000000 -0.85440000
vn -0.00080000 -1.00000000 -0.00050000
vn -0.51960000 -0.00000000 0.85440000
vt 2.74839900 0.22296300
vt 9.19879600 0.22296300
vt 5.41954400 0.22296300
vt 5.41954400 0.22296300
vt 8.64474400 0.22296300
vt 8.64474400 0.22296300
vt 5.97359800 0.22296300
vt 5.97359800 0.22296300
vt 2.74839900 0.33255000
vt 0.00523600 0.00566100
vt 9.19879600 0.33255000
vt 5.41954400 0.33255000
vt 2.67638000 0.00566100
vt 5.41954400 0.33255000
vt 0.00523600 0.55971400
vt 8.64474400 0.33255000
vt 8.64474400 0.33255000
vt 5.97359800 0.33255000
vt 2.67638000 0.55971400
vt 5.97359800 0.33255000
vt 12.01997200 0.34396000
vt 12.01997200 0.34396000
vt 0.04583300 0.04625700
vt 2.63578400 0.04625700
vt 9.43001500 0.34396000
vt 15.55564300 0.34396000
vt 15.08278800 0.34396000
vt 15.08278800 0.34396000
vt 2.63578400 0.51911800
vt 12.49283200 0.34396000
vt 0.04583300 0.51911800
vt 12.49283200 0.34396000
vt 12.01997200 0.30870900
vt 12.01997200 0.30870900
vt 15.55564300 0.30870900
vt 9.43001500 0.30870900
vt 15.08278800 0.30870900
vt 15.08278800 0.30870900
vt 12.49283200 0.30870900
vt 12.49283200 0.30870900
f 3/3/3 9/9/9 1/1/1
f 7/7/7 14/14/14 4/4/4
f 6/6/6 18/18/18 8/8/8
f 2/2/2 16/16/16 5/5/5
f 13/13/13 23/23/23 10/10/10
f 13/13/13 29/29/29 24/24/24
f 15/15/15 29/29/29 19/19/19
f 15/15/15 23/23/23 31/31/31
f 21/21/21 36/36/36 34/34/34
f 35/35/35 27/27/27 38/38/38
f 28/28/28 39/39/39 37/37/37
f 32/32/32 33/33/33 40/40/40
f 3/3/3 12/12/12 9/9/9
f 7/7/7 20/20/20 14/14/14
f 6/6/6 17/17/17 18/18/18
f 2/2/2 11/11/11 16/16/16
f 13/13/13 24/24/24 23/23/23
f 13/13/13 19/19/19 29/29/29
f 15/15/15 31/31/31 29/29/29
f 15/15/15 10/10/10 23/23/23
f 21/21/21 25/25/25 36/36/36
f 35/35/35 26/26/26 27/27/27
f 28/28/28 30/30/30 39/39/39
f 32/32/32 22/22/22 33/33/33

