mtllib material.mtl
usemtl Material_#85
v 10.83589400 0.30386100 -0.10434900
v 10.83589400 0.30386100 -0.10434900
v 10.83589400 0.30386100 -0.10434900
v 12.51640900 0.30386100 -0.36100000
v 12.51640900 0.30386100 -0.36100000
v 12.51640900 0.30386100 -0.36100000
v 10.57924300 0.30386100 -1.78486400
v 10.57924300 0.30386100 -1.78486400
v 10.57924300 0.30386100 -1.78486400
v 12.25975800 0.30386100 -2.04151500
v 12.25975800 0.30386100 -2.04151500
v 12.25975800 0.30386100 -2.04151500
v 10.57924300 0.15532600 -1.78486400
v 10.57924300 0.15532600 -1.78486400
v 12.25975800 0.15532600 -2.04151500
v 12.25975800 0.15532600 -2.04151500
v 12.51640900 0.15532600 -0.36100000
v 12.51640900 0.15532600 -0.36100000
v 10.83589400 0.15532600 -0.10434900
v 10.83589400 0.15532600 -0.10434900
v 12.72042300 0.30386100 -0.21104400
v 12.72042300 0.30386100 -0.21104400
v 12.72042300 0.30386100 -0.21104400
v 10.68593800 0.30386100 0.09966500
v 10.68593800 0.30386100 0.09966500
v 10.68593800 0.30386100 0.09966500
v 10.37522900 0.30386100 -1.93481900
v 10.37522900 0.30386100 -1.93481900
v 10.37522900 0.30386100 -1.93481900
v 12.40971400 0.30386100 -2.24552900
v 12.40971400 0.30386100 -2.24552900
v 12.40971400 0.30386100 -2.24552900
v 10.68593800 0.15532600 0.09966500
v 10.68593800 0.15532600 0.09966500
v 10.68593800 0.15532600 0.09966500
v 12.72042300 0.15532600 -0.21104400
v 12.72042300 0.15532600 -0.21104400
v 12.72042300 0.15532600 -0.21104400
v 12.40971400 0.15532600 -2.24552900
v 12.40971400 0.15532600 -2.24552900
v 12.40971400 0.15532600 -2.24552900
v 10.37522900 0.15532600 -1.93481900
v 10.37522900 0.15532600 -1.93481900
v 10.37522900 0.15532600 -1.93481900
v 10.83589400 0.23566300 -0.10434900
v 10.83589400 0.23566300 -0.10434900
v 12.51640900 0.23566300 -0.36100000
v 12.51640900 0.23566300 -0.36100000
v 10.57924300 0.23566300 -1.78486400
v 10.57924300 0.23566300 -1.78486400
v 12.25975800 0.23566300 -2.04151500
v 12.25975800 0.23566300 -2.04151500
v 9.51681300 0.30386100 -7.62114800
v 9.51681300 0.30386100 -7.62114800
v 9.51681300 0.30386100 -7.62114800
v 11.21666100 0.30386100 -7.64393700
v 11.21666100 0.30386100 -7.64393700
v 11.21666100 0.30386100 -7.64393700
v 9.49402400 0.30386100 -9.32099500
v 9.49402400 0.30386100 -9.32099500
v 9.49402400 0.30386100 -9.32099500
v 11.19387200 0.30386100 -9.34378400
v 11.19387200 0.30386100 -9.34378400
v 11.19387200 0.30386100 -9.34378400
v 9.49402400 0.15532600 -9.32099500
v 9.49402400 0.15532600 -9.32099500
v 11.19387200 0.15532600 -9.34378400
v 11.19387200 0.15532600 -9.34378400
v 11.21666100 0.15532600 -7.64393700
v 11.21666100 0.15532600 -7.64393700
v 9.51681300 0.15532600 -7.62114800
v 9.51681300 0.15532600 -7.62114800
v 11.39808200 0.30386100 -7.46731600
v 11.39808200 0.30386100 -7.46731600
v 11.39808200 0.30386100 -7.46731600
v 9.34019300 0.30386100 -7.43972700
v 9.34019300 0.30386100 -7.43972700
v 9.34019300 0.30386100 -7.43972700
v 9.31260400 0.30386100 -9.49761600
v 9.31260400 0.30386100 -9.49761600
v 9.31260400 0.30386100 -9.49761600
v 11.37049300 0.30386100 -9.52520500
v 11.37049300 0.30386100 -9.52520500
v 11.37049300 0.30386100 -9.52520500
v 9.34019300 0.15532600 -7.43972700
v 9.34019300 0.15532600 -7.43972700
v 9.34019300 0.15532600 -7.43972700
v 11.39808200 0.15532600 -7.46731600
v 11.39808200 0.15532600 -7.46731600
v 11.39808200 0.15532600 -7.46731600
v 11.37049300 0.15532600 -9.52520500
v 11.37049300 0.15532600 -9.52520500
v 11.37049300 0.15532600 -9.52520500
v 9.31260400 0.15532600 -9.49761600
v 9.31260400 0.15532600 -9.49761600
v 9.31260400 0.15532600 -9.49761600
v 9.51681300 0.23566300 -7.62114800
v 9.51681300 0.23566300 -7.62114800
v 11.21666100 0.23566300 -7.64393700
v 11.21666100 0.23566300 -7.64393700
v 9.49402400 0.23566300 -9.32099500
v 9.49402400 0.23566300 -9.32099500
v 11.19387200 0.23566300 -9.34378400
v 11.19387200 0.23566300 -9.34378400
v -4.70286400 0.30386100 -10.19090700
v -4.70286400 0.30386100 -10.19090700
v -4.70286400 0.30386100 -10.19090700
v -3.13401400 0.30386100 -9.53614700
v -3.13401400 0.30386100 -9.53614700
v -3.13401400 0.30386100 -9.53614700
v -4.04810400 0.30386100 -11.75975700
v -4.04810400 0.30386100 -11.75975700
v -4.04810400 0.30386100 -11.75975700
v -2.47925400 0.30386100 -11.10499800
v -2.47925400 0.30386100 -11.10499800
v -2.47925400 0.30386100 -11.10499800
v -4.04810400 0.15532600 -11.75975700
v -4.04810400 0.15532600 -11.75975700
v -2.47925400 0.15532600 -11.10499800
v -2.47925400 0.15532600 -11.10499800
v -3.13401400 0.15532600 -9.53614700
v -3.13401400 0.15532600 -9.53614700
v -4.70286400 0.15532600 -10.19090700
v -4.70286400 0.15532600 -10.19090700
v -3.03774600 0.30386100 -9.30196700
v -3.03774600 0.30386100 -9.30196700
v -3.03774600 0.30386100 -9.30196700
v -4.93704500 0.30386100 -10.09463900
v -4.93704500 0.30386100 -10.09463900
v -4.93704500 0.30386100 -10.09463900
v -4.14437200 0.30386100 -11.99393700
v -4.14437200 0.30386100 -11.99393700
v -4.14437200 0.30386100 -11.99393700
v -2.24507400 0.30386100 -11.20126500
v -2.24507400 0.30386100 -11.20126500
v -2.24507400 0.30386100 -11.20126500
v -4.93704500 0.15532600 -10.09463900
v -4.93704500 0.15532600 -10.09463900
v -4.93704500 0.15532600 -10.09463900
v -3.03774600 0.15532600 -9.30196700
v -3.03774600 0.15532600 -9.30196700
v -3.03774600 0.15532600 -9.30196700
v -2.24507400 0.15532600 -11.20126500
v -2.24507400 0.15532600 -11.20126500
v -2.24507400 0.15532600 -11.20126500
v -4.14437200 0.15532600 -11.99393700
v -4.14437200 0.15532600 -11.99393700
v -4.14437200 0.15532600 -11.99393700
v -4.70286400 0.23566300 -10.19090700
v -4.70286400 0.23566300 -10.19090700
v -3.13401400 0.23566300 -9.53614700
v -3.13401400 0.23566300 -9.53614700
v -4.04810400 0.23566300 -11.75975700
v -4.04810400 0.23566300 -11.75975700
v -2.47925400 0.23566300 -11.10499800
v -2.47925400 0.23566300 -11.10499800
vn 0.98850000 -0.00000000 -0.15100000
vn -0.15100000 -0.00000000 -0.98850000
vn -0.00000000 1.00000000 -0.00000000
vn -0.15100000 -0.00000000 -0.98850000
vn -0.00000000 1.00000000 -0.00000000
vn -0.98850000 -0.00000000 0.15100000
vn 0.15100000 -0.00000000 0.98850000
vn 0.98850000 -0.00000000 -0.15100000
vn -0.00000000 1.00000000 -0.00000000
vn 0.15100000 -0.00000000 0.98850000
vn -0.98850000 -0.00000000 0.15100000
vn -0.00000000 1.00000000 -0.00000000
vn -0.00000000 -1.00000000 -0.00000000
vn -0.00000000 -1.00000000 -0.00000000
vn -0.00000000 -1.00000000 -0.00000000
vn -0.00000000 -1.00000000 -0.00000000
vn -0.00000000 -1.00000000 -0.00000000
vn -0.00000000 -1.00000000 -0.00000000
vn -0.00000000 -1.00000000 -0.00000000
vn -0.00000000 -1.00000000 -0.00000000
vn 0.98850000 -0.00000000 -0.15100000
vn 0.15100000 -0.00000000 0.98850000
vn -0.00000000 1.00000000 -0.00000000
vn 0.15100000 -0.00000000 0.98850000
vn -0.00000000 1.00000000 -0.00000000
vn -0.98850000 -0.00000000 0.15100000
vn -0.98850000 -0.00000000 0.15100000
vn -0.00000000 1.00000000 -0.00000000
vn -0.15100000 -0.00000000 -0.98850000
vn -0.00000000 1.00000000 -0.00000000
vn -0.15100000 -0.00000000 -0.98850000
vn 0.98850000 -0.00000000 -0.15100000
vn 0.15100000 -0.00000000 0.98850000
vn -0.00000000 -1.00000000 -0.00000000
vn -0.98850000 -0.00000000 0.15100000
vn 0.98850000 -0.00000000 -0.15100000
vn 0.15100000 -0.00000000 0.98850000
vn -0.00000000 -1.00000000 -0.00000000
vn 0.98850000 -0.00000000 -0.15100000
vn -0.00000000 -1.00000000 -0.00000000
vn -0.15100000 -0.00000000 -0.98850000
vn -0.00000000 -1.00000000 -0.00000000
vn -0.98850000 -0.00000000 0.15100000
vn -0.15100000 -0.00000000 -0.98850000
vn -0.15100000 -0.00000000 -0.98850000
vn 0.98850000 -0.00000000 -0.15100000
vn -0.98850000 -0.00000000 0.15100000
vn -0.15100000 -0.00000000 -0.98850000
vn 0.98850000 -0.00000000 -0.15100000
vn 0.15100000 -0.00000000 0.98850000
vn -0.98850000 -0.00000000 0.15100000
vn 0.15100000 -0.00000000 0.98850000
vn -0.01340000 -0.00000000 -0.99990000
vn -0.00000000 1.00000000 -0.00000000
vn 0.99990000 -0.00000000 -0.01340000
vn -0.99990000 -0.00000000 0.01340000
vn -0.01340000 -0.00000000 -0.99990000
vn -0.00000000 1.00000000 -0.00000000
vn -0.00000000 1.00000000 -0.00000000
vn 0.01340000 -0.00000000 0.99990000
vn 0.99990000 -0.00000000 -0.01340000
vn -0.00000000 1.00000000 -0.00000000
vn -0.99990000 -0.00000000 0.01340000
vn 0.01340000 -0.00000000 0.99990000
vn -0.00000000 -1.00000000 -0.00000000
vn -0.00000000 -1.00000000 -0.00000000
vn -0.00000000 -1.00000000 -0.00000000
vn -0.00000000 -1.00000000 -0.00000000
vn -0.00000000 -1.00000000 -0.00000000
vn -0.00000000 -1.00000000 -0.00000000
vn -0.00000000 -1.00000000 -0.00000000
vn -0.00000000 -1.00000000 -0.00000000
vn 0.99990000 -0.00000000 -0.01340000
vn -0.00000000 1.00000000 -0.00000000
vn 0.01340000 -0.00000000 0.99990000
vn 0.01340000 -0.00000000 0.99990000
vn -0.00000000 1.00000000 -0.00000000
vn -0.99990000 -0.00000000 0.01340000
vn -0.00000000 1.00000000 -0.00000000
vn -0.01340000 -0.00000000 -0.99990000
vn -0.99990000 -0.00000000 0.01340000
vn -0.00000000 1.00000000 -0.00000000
vn 0.99990000 -0.00000000 -0.01340000
vn -0.01340000 -0.00000000 -0.99990000
vn -0.00000000 -1.00000000 -0.00000000
vn 0.01340000 -0.00000000 0.99990000
vn -0.99990000 -0.00000000 0.01340000
vn 0.01340000 -0.00000000 0.99990000
vn 0.99990000 -0.00000000 -0.01340000
vn -0.00000000 -1.00000000 -0.00000000
vn -0.00000000 -1.00000000 -0.00000000
vn -0.01340000 -0.00000000 -0.99990000
vn 0.99990000 -0.00000000 -0.01340000
vn -0.01340000 -0.00000000 -0.99990000
vn -0.99990000 -0.00000000 0.01340000
vn -0.00000000 -1.00000000 -0.00000000
vn -0.01340000 -0.00000000 -0.99990000
vn 0.99990000 -0.00000000 -0.01340000
vn -0.99990000 -0.00000000 0.01340000
vn -0.01340000 -0.00000000 -0.99990000
vn 0.99990000 -0.00000000 -0.01340000
vn 0.01340000 -0.00000000 0.99990000
vn 0.01340000 -0.00000000 0.99990000
vn -0.99990000 -0.00000000 0.01340000
vn 0.92290000 -0.00000000 0.38520000
vn 0.38520000 -0.00000000 -0.92290000
vn -0.00000000 1.00000000 -0.00000000
vn 0.38520000 -0.00000000 -0.92290000
vn -0.92290000 -0.00000000 -0.38520000
vn -0.00000000 1.00000000 -0.00000000
vn 0.92290000 -0.00000000 0.38520000
vn -0.38520000 -0.00000000 0.92290000
vn -0.00000000 1.00000000 -0.00000000
vn -0.00000000 1.00000000 -0.00000000
vn -0.92290000 -0.00000000 -0.38520000
vn -0.38520000 -0.00000000 0.92290000
vn -0.00000000 -1.00000000 -0.00000000
vn -0.00000000 -1.00000000 -0.00000000
vn -0.00000000 -1.00000000 -0.00000000
vn -0.00000000 -1.00000000 -0.00000000
vn -0.00000000 -1.00000000 -0.00000000
vn -0.00000000 -1.00000000 -0.00000000
vn -0.00000000 -1.00000000 -0.00000000
vn -0.00000000 -1.00000000 -0.00000000
vn -0.38520000 -0.00000000 0.92290000
vn -0.00000000 1.00000000 -0.00000000
vn 0.92290000 -0.00000000 0.38520000
vn -0.00000000 1.00000000 -0.00000000
vn -0.92290000 -0.00000000 -0.38520000
vn -0.38520000 -0.00000000 0.92290000
vn -0.92290000 -0.00000000 -0.38520000
vn -0.00000000 1.00000000 -0.00000000
vn 0.38520000 -0.00000000 -0.92290000
vn -0.00000000 1.00000000 -0.00000000
vn 0.92290000 -0.00000000 0.38520000
vn 0.38520000 -0.00000000 -0.92290000
vn -0.00000000 -1.00000000 -0.00000000
vn -0.92290000 -0.00000000 -0.38520000
vn -0.38520000 -0.00000000 0.92290000
vn -0.00000000 -1.00000000 -0.00000000
vn -0.38520000 -0.00000000 0.92290000
vn 0.92290000 -0.00000000 0.38520000
vn 0.38520000 -0.00000000 -0.92290000
vn -0.00000000 -1.00000000 -0.00000000
vn 0.92290000 -0.00000000 0.38520000
vn -0.00000000 -1.00000000 -0.00000000
vn -0.92290000 -0.00000000 -0.38520000
vn 0.38520000 -0.00000000 -0.92290000
vn 0.38520000 -0.00000000 -0.92290000
vn 0.92290000 -0.00000000 0.38520000
vn -0.92290000 -0.00000000 -0.38520000
vn 0.38520000 -0.00000000 -0.92290000
vn -0.38520000 -0.00000000 0.92290000
vn 0.92290000 -0.00000000 0.38520000
vn -0.92290000 -0.00000000 -0.38520000
vn -0.38520000 -0.00000000 0.92290000
vt 0.55192900 0.52516300
vt 0.55192900 0.52516300
vt 0.55192900 0.52516300
vt 2.22105100 0.52516300
vt 2.22105100 0.52516300
vt 2.22105100 0.52516300
vt 0.55192900 2.19428400
vt 0.55192900 2.19428400
vt 0.55192900 2.19428400
vt 2.22105100 2.19428400
vt 2.22105100 2.19428400
vt 2.22105100 2.19428400
vt 0.12629800 2.24028200
vt 0.50756000 2.62742600
vt 2.26705500 2.62003500
vt 2.65521100 2.23945800
vt 2.65521200 0.47998900
vt 2.25116700 0.09433100
vt 0.52181300 0.09433100
vt 0.11837800 0.48087500
vt 12.13110400 0.72886400
vt 12.13110400 0.72886400
vt 2.39683500 0.34937900
vt 7.54266000 0.72886400
vt 0.37614400 0.34937900
vt 7.54266000 0.72886400
vt 2.95421700 0.72886400
vt 0.37614400 2.37006800
vt 21.30798100 0.72886400
vt 2.39683500 2.37006800
vt 16.71954000 0.72886400
vt 16.71954000 0.72886400
vt 7.54266000 0.39771000
vt 0.32142000 0.28556100
vt 7.54266000 0.39771000
vt 12.13110400 0.39771000
vt 12.13110400 0.39771000
vt 2.45144500 0.28557500
vt 16.71954000 0.39770900
vt 2.46070600 2.43391400
vt 16.71954000 0.39770900
vt 0.31239000 2.43384200
vt 2.95421700 0.39771000
vt 21.30798100 0.39770900
vt 0.58540800 0.55864200
vt 0.58540800 0.55864200
vt 2.18757100 0.55864200
vt 2.18757100 0.55864200
vt 0.58540800 2.16080300
vt 0.58540800 2.16080300
vt 2.18757100 2.16080300
vt 2.18757100 2.16080300
vt 0.55192900 0.52516300
vt 0.55192900 0.52516300
vt 0.55192900 0.52516300
vt 2.22105100 0.52516300
vt 2.22105100 0.52516300
vt 2.22105100 0.52516300
vt 0.55192900 2.19428400
vt 0.55192900 2.19428400
vt 0.55192900 2.19428400
vt 2.22105100 2.19428400
vt 2.22105100 2.19428400
vt 2.22105100 2.19428400
vt 0.12629800 2.24028200
vt 0.50756000 2.62742600
vt 2.26705500 2.62003500
vt 2.65521100 2.23945800
vt 2.25116700 0.09433100
vt 2.65521200 0.47998900
vt 0.11837800 0.48087500
vt 0.52181300 0.09433100
vt 12.13110400 0.72886400
vt 2.39683500 0.34937900
vt 12.13110400 0.72886400
vt 7.54266000 0.72886400
vt 0.37614400 0.34937900
vt 7.54266000 0.72886400
vt 0.37614400 2.37006800
vt 21.30798100 0.72886400
vt 2.95421700 0.72886400
vt 2.39683500 2.37006800
vt 16.71954000 0.72886400
vt 16.71954000 0.72886400
vt 0.32142000 0.28556100
vt 7.54266000 0.39771000
vt 7.54266000 0.39771000
vt 12.13110400 0.39771000
vt 12.13110400 0.39771000
vt 2.45144500 0.28557500
vt 2.46070600 2.43391400
vt 16.71954000 0.39770900
vt 16.71954000 0.39770900
vt 21.30798100 0.39770900
vt 2.95421700 0.39771000
vt 0.31239000 2.43384200
vt 0.58540800 0.55864200
vt 0.58540800 0.55864200
vt 2.18757100 0.55864200
vt 2.18757100 0.55864200
vt 0.58540800 2.16080300
vt 0.58540800 2.16080300
vt 2.18757100 2.16080300
vt 2.18757100 2.16080300
vt 0.55192900 0.52516300
vt 0.55192900 0.52516300
vt 0.55192900 0.52516300
vt 2.22105100 0.52516300
vt 2.22105100 0.52516300
vt 2.22105100 0.52516300
vt 0.55192900 2.19428400
vt 0.55192900 2.19428400
vt 0.55192900 2.19428400
vt 2.22105100 2.19428400
vt 2.22105100 2.19428400
vt 2.22105100 2.19428400
vt 0.50756000 2.62742600
vt 0.12629800 2.24028200
vt 2.26705500 2.62003500
vt 2.65521100 2.23945800
vt 2.65521200 0.47998900
vt 2.25116700 0.09433100
vt 0.11837800 0.48087500
vt 0.52181300 0.09433100
vt 12.13110400 0.72886400
vt 2.39683500 0.34937900
vt 12.13110400 0.72886400
vt 0.37614400 0.34937900
vt 7.54266000 0.72886400
vt 7.54266000 0.72886400
vt 2.95421700 0.72886400
vt 0.37614400 2.37006800
vt 21.30798100 0.72886400
vt 2.39683500 2.37006800
vt 16.71954000 0.72886400
vt 16.71954000 0.72886400
vt 0.32142000 0.28556100
vt 7.54266000 0.39771000
vt 7.54266000 0.39771000
vt 2.45144500 0.28557500
vt 12.13110400 0.39771000
vt 12.13110400 0.39771000
vt 16.71954000 0.39770900
vt 2.46070600 2.43391400
vt 16.71954000 0.39770900
vt 0.31239000 2.43384200
vt 2.95421700 0.39771000
vt 21.30798100 0.39770900
vt 0.58540800 0.55864200
vt 0.58540800 0.55864200
vt 2.18757100 0.55864200
vt 2.18757100 0.55864200
vt 0.58540800 2.16080300
vt 0.58540800 2.16080300
vt 2.18757100 2.16080300
vt 2.18757100 2.16080300
f 24/24/24 37/37/37 22/22/22
f 21/21/21 39/39/39 32/32/32
f 31/31/31 44/44/44 29/29/29
f 27/27/27 35/35/35 26/26/26
f 3/3/3 23/23/23 5/5/5
f 9/9/9 25/25/25 3/3/3
f 12/12/12 28/28/28 9/9/9
f 5/5/5 30/30/30 12/12/12
f 18/18/18 34/34/34 19/19/19
f 16/16/16 38/38/38 17/17/17
f 14/14/14 40/40/40 15/15/15
f 20/20/20 42/42/42 13/13/13
f 8/8/8 46/46/46 49/49/49
f 2/2/2 48/48/48 45/45/45
f 6/6/6 51/51/51 47/47/47
f 10/10/10 50/50/50 52/52/52
f 24/24/24 33/33/33 37/37/37
f 21/21/21 36/36/36 39/39/39
f 31/31/31 41/41/41 44/44/44
f 27/27/27 43/43/43 35/35/35
f 3/3/3 25/25/25 23/23/23
f 9/9/9 28/28/28 25/25/25
f 12/12/12 30/30/30 28/28/28
f 5/5/5 23/23/23 30/30/30
f 18/18/18 38/38/38 34/34/34
f 16/16/16 40/40/40 38/38/38
f 14/14/14 42/42/42 40/40/40
f 20/20/20 34/34/34 42/42/42
f 8/8/8 1/1/1 46/46/46
f 2/2/2 4/4/4 48/48/48
f 6/6/6 11/11/11 51/51/51
f 10/10/10 7/7/7 50/50/50
f 76/76/76 88/88/88 75/75/75
f 73/73/73 93/93/93 83/83/83
f 84/84/84 94/94/94 80/80/80
f 81/81/81 87/87/87 78/78/78
f 54/54/54 74/74/74 58/58/58
f 59/59/59 77/77/77 54/54/54
f 62/62/62 79/79/79 59/59/59
f 58/58/58 82/82/82 62/62/62
f 69/69/69 85/85/85 72/72/72
f 68/68/68 90/90/90 70/70/70
f 66/66/66 91/91/91 67/67/67
f 71/71/71 96/96/96 65/65/65
f 61/61/61 98/98/98 101/101/101
f 53/53/53 100/100/100 97/97/97
f 56/56/56 104/104/104 99/99/99
f 64/64/64 102/102/102 103/103/103
f 76/76/76 86/86/86 88/88/88
f 73/73/73 89/89/89 93/93/93
f 84/84/84 92/92/92 94/94/94
f 81/81/81 95/95/95 87/87/87
f 54/54/54 77/77/77 74/74/74
f 59/59/59 79/79/79 77/77/77
f 62/62/62 82/82/82 79/79/79
f 58/58/58 74/74/74 82/82/82
f 69/69/69 90/90/90 85/85/85
f 68/68/68 91/91/91 90/90/90
f 66/66/66 96/96/96 91/91/91
f 71/71/71 85/85/85 96/96/96
f 61/61/61 55/55/55 98/98/98
f 53/53/53 57/57/57 100/100/100
f 56/56/56 63/63/63 104/104/104
f 64/64/64 60/60/60 102/102/102
f 130/130/130 141/141/141 125/125/125
f 127/127/127 145/145/145 135/135/135
f 136/136/136 148/148/148 133/133/133
f 131/131/131 138/138/138 129/129/129
f 107/107/107 126/126/126 110/110/110
f 113/113/113 128/128/128 107/107/107
f 114/114/114 132/132/132 113/113/113
f 110/110/110 134/134/134 114/114/114
f 122/122/122 137/137/137 124/124/124
f 120/120/120 140/140/140 121/121/121
f 117/117/117 144/144/144 119/119/119
f 123/123/123 146/146/146 118/118/118
f 111/111/111 150/150/150 154/154/154
f 106/106/106 152/152/152 149/149/149
f 109/109/109 155/155/155 151/151/151
f 116/116/116 153/153/153 156/156/156
f 130/130/130 139/139/139 141/141/141
f 127/127/127 142/142/142 145/145/145
f 136/136/136 143/143/143 148/148/148
f 131/131/131 147/147/147 138/138/138
f 107/107/107 128/128/128 126/126/126
f 113/113/113 132/132/132 128/128/128
f 114/114/114 134/134/134 132/132/132
f 110/110/110 126/126/126 134/134/134
f 122/122/122 140/140/140 137/137/137
f 120/120/120 144/144/144 140/140/140
f 117/117/117 146/146/146 144/144/144
f 123/123/123 137/137/137 146/146/146
f 111/111/111 105/105/105 150/150/150
f 106/106/106 108/108/108 152/152/152
f 109/109/109 115/115/115 155/155/155
f 116/116/116 112/112/112 153/153/153

