mtllib material.mtl
usemtl Material_#13
v 2.85082600 1.87131400 -10.94229300
v 2.85082600 1.87131400 -10.94229300
v 2.85082600 1.87131400 -10.94229300
v 2.85208900 1.87652600 -10.93436000
v 2.85208900 1.87652600 -10.93436000
v 2.85910600 1.87940300 -10.92851100
v 2.85910600 1.87940300 -10.92851100
v 2.85910600 1.87940300 -10.92851100
v 2.86859300 1.87859700 -10.92748500
v 2.86859300 1.87859700 -10.92748500
v 2.86859300 1.87859700 -10.92748500
v 2.87611200 1.87448600 -10.93176000
v 2.87611200 1.87448600 -10.93176000
v 2.87814400 1.86899400 -10.93933700
v 2.87814400 1.86899400 -10.93933700
v 2.87814400 1.86899400 -10.93933700
v 2.87814400 1.86899400 -10.93933700
v 2.87373900 1.86469000 -10.94667100
v 2.87373900 1.86469000 -10.94667100
v 2.86495700 1.86358900 -10.95032900
v 2.86495700 1.86358900 -10.95032900
v 2.86495700 1.86358900 -10.95032900
v 2.85590800 1.86620400 -10.94860000
v 2.85590800 1.86620400 -10.94860000
v 2.85590800 1.86620400 -10.94860000
v 2.93325800 2.39062700 -11.29659400
v 2.93325800 2.39062700 -11.29659400
v 2.93325800 2.39062700 -11.29659400
v 2.93325800 2.39062700 -11.29659400
v 2.93325800 2.39062700 -11.29659400
v 2.93452000 2.39584000 -11.28866000
v 2.93452000 2.39584000 -11.28866000
v 2.93452000 2.39584000 -11.28866000
v 2.93452000 2.39584000 -11.28866000
v 2.93452000 2.39584000 -11.28866000
v 2.94153700 2.39871600 -11.28281200
v 2.94153700 2.39871600 -11.28281200
v 2.94153700 2.39871600 -11.28281200
v 2.94153700 2.39871600 -11.28281200
v 2.94153700 2.39871600 -11.28281200
v 2.95102500 2.39791100 -11.28178500
v 2.95102500 2.39791100 -11.28178500
v 2.95102500 2.39791100 -11.28178500
v 2.95102500 2.39791100 -11.28178500
v 2.95102500 2.39791100 -11.28178500
v 2.95102500 2.39791100 -11.28178500
v 2.95854300 2.39380000 -11.28606000
v 2.95854300 2.39380000 -11.28606000
v 2.95854300 2.39380000 -11.28606000
v 2.95854300 2.39380000 -11.28606000
v 2.95854300 2.39380000 -11.28606000
v 2.95854300 2.39380000 -11.28606000
v 2.96057500 2.38830800 -11.29363800
v 2.96057500 2.38830800 -11.29363800
v 2.96057500 2.38830800 -11.29363800
v 2.95617000 2.38400400 -11.30097200
v 2.95617000 2.38400400 -11.30097200
v 2.95617000 2.38400400 -11.30097200
v 2.95617000 2.38400400 -11.30097200
v 2.95617000 2.38400400 -11.30097200
v 2.95617000 2.38400400 -11.30097200
v 2.95617000 2.38400400 -11.30097200
v 2.95617000 2.38400400 -11.30097200
v 2.94738800 2.38290200 -11.30462900
v 2.94738800 2.38290200 -11.30462900
v 2.94738800 2.38290200 -11.30462900
v 2.94738800 2.38290200 -11.30462900
v 2.94738800 2.38290200 -11.30462900
v 2.93834000 2.38551800 -11.30290100
v 2.93834000 2.38551800 -11.30290100
v 2.93834000 2.38551800 -11.30290100
v 2.93834000 2.38551800 -11.30290100
v 2.93834000 2.38551800 -11.30290100
v 2.98828800 2.75820100 -11.53362700
v 2.98828800 2.75820100 -11.53362700
v 2.98828800 2.75820100 -11.53362700
v 2.98828800 2.75820100 -11.53362700
v 2.98666300 2.75149500 -11.54383500
v 2.98666300 2.75149500 -11.54383500
v 2.99320100 2.74492100 -11.55194900
v 2.99320100 2.74492100 -11.55194900
v 2.99320100 2.74492100 -11.55194900
v 3.00484300 2.74155500 -11.55417300
v 3.00484300 2.74155500 -11.55417300
v 3.00484300 2.74155500 -11.55417300
v 3.01614100 2.74297300 -11.54946700
v 3.01614100 2.74297300 -11.54946700
v 3.01614100 2.74297300 -11.54946700
v 3.02180900 2.74851000 -11.54003100
v 3.02180900 2.74851000 -11.54003100
v 3.02180900 2.74851000 -11.54003100
v 3.02180900 2.74851000 -11.54003100
v 3.01919400 2.75557600 -11.53028300
v 3.01919400 2.75557600 -11.53028300
v 3.01919400 2.75557600 -11.53028300
v 3.00952100 2.76086500 -11.52478200
v 2.99731500 2.76190100 -11.52610200
v 2.99731500 2.76190100 -11.52610200
v 2.99731500 2.76190100 -11.52610200
v 2.92937200 2.39056400 -11.29759000
v 2.92937200 2.39056400 -11.29759000
v 2.92937200 2.39056400 -11.29759000
v 2.92937200 2.39056400 -11.29759000
v 2.92937200 2.39056400 -11.29759000
v 2.92937200 2.39056400 -11.29759000
v 2.92937200 2.39056400 -11.29759000
v 2.93099700 2.39727100 -11.28738300
v 2.93099700 2.39727100 -11.28738300
v 2.93099700 2.39727100 -11.28738300
v 2.93099700 2.39727100 -11.28738300
v 2.94002400 2.40097100 -11.27985900
v 2.94002400 2.40097100 -11.27985900
v 2.94002400 2.40097100 -11.27985900
v 2.94002400 2.40097100 -11.27985900
v 2.94002400 2.40097100 -11.27985900
v 2.95223000 2.39993500 -11.27853800
v 2.95223000 2.39993500 -11.27853800
v 2.95223000 2.39993500 -11.27853800
v 2.95223000 2.39993500 -11.27853800
v 2.95223000 2.39993500 -11.27853800
v 2.95223000 2.39993500 -11.27853800
v 2.95223000 2.39993500 -11.27853800
v 2.96190300 2.39464600 -11.28403900
v 2.96190300 2.39464600 -11.28403900
v 2.96190300 2.39464600 -11.28403900
v 2.96190300 2.39464600 -11.28403900
v 2.96190300 2.39464600 -11.28403900
v 2.96451800 2.38758000 -11.29378700
v 2.96451800 2.38758000 -11.29378700
v 2.96451800 2.38758000 -11.29378700
v 2.96451800 2.38758000 -11.29378700
v 2.95885000 2.38204300 -11.30322300
v 2.95885000 2.38204300 -11.30322300
v 2.95885000 2.38204300 -11.30322300
v 2.95885000 2.38204300 -11.30322300
v 2.95885000 2.38204300 -11.30322300
v 2.94755200 2.38062500 -11.30792900
v 2.94755200 2.38062500 -11.30792900
v 2.94755200 2.38062500 -11.30792900
v 2.94755200 2.38062500 -11.30792900
v 2.94755200 2.38062500 -11.30792900
v 2.94755200 2.38062500 -11.30792900
v 2.93591000 2.38399100 -11.30570400
v 2.93591000 2.38399100 -11.30570400
v 2.93591000 2.38399100 -11.30570400
v 2.93591000 2.38399100 -11.30570400
v 2.93591000 2.38399100 -11.30570400
v 2.87616300 1.83448600 -10.91850600
v 2.87616300 1.83448600 -10.91850600
v 2.87616300 1.83448600 -10.91850600
v 2.84568100 1.83448600 -10.92632200
v 2.84568100 1.83448600 -10.92632200
v 2.84568100 1.83448600 -10.92632200
v 2.87616300 1.88297500 -10.91850600
v 2.87616300 1.88297500 -10.91850600
v 2.87616300 1.88297500 -10.91850600
v 2.84568100 1.88297500 -10.92632200
v 2.84568100 1.88297500 -10.92632200
v 2.84568100 1.88297500 -10.92632200
v 2.88698600 1.83448600 -10.96071000
v 2.88698600 1.83448600 -10.96071000
v 2.88698600 1.83448600 -10.96071000
v 2.85650300 1.83448600 -10.96852600
v 2.85650300 1.83448600 -10.96852600
v 2.85650300 1.83448600 -10.96852600
v 2.88698600 1.88297500 -10.96071000
v 2.88698600 1.88297500 -10.96071000
v 2.88698600 1.88297500 -10.96071000
v 2.85650300 1.88297500 -10.96852600
v 2.85650300 1.88297500 -10.96852600
v 2.85650300 1.88297500 -10.96852600
v 3.67330100 1.06512500 -10.27953700
v 3.67330100 1.06512500 -10.27953700
v 3.67330100 1.06512500 -10.27953700
v 4.17438300 1.06512500 -10.05242200
v 4.17438300 1.06512500 -10.05242200
v 4.17438300 1.06512500 -10.05242200
v 3.68149900 1.06512500 -10.29762500
v 3.68149900 1.06512500 -10.29762500
v 3.68149900 1.06512500 -10.29762500
v 4.18258100 1.06512500 -10.07050900
v 4.18258100 1.06512500 -10.07050900
v 4.18258100 1.06512500 -10.07050900
v 3.67330000 2.84012500 -10.27953700
v 3.67330000 2.84012500 -10.27953700
v 3.67330000 2.84012500 -10.27953700
v 4.17438300 2.84012500 -10.05242200
v 4.17438300 2.84012500 -10.05242200
v 4.17438300 2.84012500 -10.05242200
v 3.68149900 2.84012500 -10.29762500
v 3.68149900 2.84012500 -10.29762500
v 3.68149900 2.84012500 -10.29762500
v 4.18258100 2.84012500 -10.07050800
v 4.18258100 2.84012500 -10.07050800
v 4.18258100 2.84012500 -10.07050800
v -0.37419100 1.05257200 -7.92278100
v 1.78500800 1.05257200 -7.36909800
v -0.37419100 2.83857900 -7.92278100
v 1.78500800 2.83857900 -7.36909900
v -1.25921100 1.04526600 -9.84633200
v -1.42783800 1.04526600 -9.18873600
v -1.25921100 2.86191700 -9.84633200
v -1.42783800 2.86191700 -9.18873600
v 1.90580500 2.79421800 -11.12519100
v 1.90580500 2.79421800 -11.12519100
v 1.90580500 1.10998900 -11.12519100
v 2.82709600 1.10998900 -10.88894500
v 2.82709600 2.79421800 -10.88894400
v 2.82709600 2.79421800 -10.88894400
v 2.87438700 2.83257200 -10.91896100
v 2.83723500 2.79421800 -10.92848800
v 2.83723500 2.79421800 -10.92848800
v 1.87879300 2.83257200 -11.17426000
v 1.91594500 2.79421800 -11.16473400
v 1.91594500 2.79421800 -11.16473400
v 3.48984200 0.06835500 -9.01645700
v 3.69089100 0.06835500 -9.80048700
v 3.68915600 2.51237200 -9.79372000
v 3.48851300 2.51099200 -9.01127300
v 3.44297100 2.80072900 -10.67273600
v 3.44297100 1.10347900 -10.67273700
v 3.68735600 2.80072900 -10.25979200
v 3.68735600 1.10347900 -10.25979200
v 3.30281900 2.63434200 -12.59007000
v 3.30281900 2.63434200 -12.59007000
v 3.30281900 2.63434200 -12.59007000
v 2.30927400 2.63434200 -12.84484500
v 2.30927400 2.63434200 -12.84484500
v 2.30927400 2.63434200 -12.84484500
v 2.30927400 2.63434200 -12.84484500
v 2.30997000 2.66636600 -12.84755900
v 2.30997000 2.66636600 -12.84755900
v 2.30997000 2.66636600 -12.84755900
v 3.30351500 2.66636600 -12.59278400
v 3.30351500 2.66636600 -12.59278400
v 3.30351500 2.66636600 -12.59278400
v 3.30351500 2.66636600 -12.59278400
v 1.87822100 2.78616600 -11.16386700
v 1.87822100 2.78616600 -11.16386700
v 1.87822100 2.78616600 -11.16386700
v 1.87891700 2.81819000 -11.16658100
v 1.87891700 2.81819000 -11.16658100
v 1.87891700 2.81819000 -11.16658100
v 2.87176600 2.78616600 -10.90909300
v 2.87176600 2.78616600 -10.90909300
v 2.87176600 2.78616600 -10.90909300
v 2.87246200 2.81819000 -10.91180600
v 2.87246200 2.81819000 -10.91180600
v 2.87246200 2.81819000 -10.91180600
v -0.06214700 3.36576200 -11.72640500
v -0.06214700 3.36576200 -11.72640500
v -0.87550800 3.36576200 -11.24504900
v -0.87550800 3.36576200 -11.24504900
v -0.87550800 3.36576200 -11.24504900
v -1.47239900 3.36576200 -8.91735200
v -1.47239900 3.36576200 -8.91735200
v -1.47239900 3.36576200 -8.91735200
v -1.47239900 3.36576200 -8.91735200
v -0.99104200 3.36576200 -8.10399200
v -0.99104200 3.36576200 -8.10399200
v 3.21939800 3.36576200 -7.71423500
v 3.21939800 3.36576200 -7.71423500
v 3.81628800 3.36576200 -10.04193200
v 3.81628800 3.36576200 -10.04193200
v 3.81628800 3.36576200 -10.04193200
v 2.40603700 3.36576200 -7.23287900
v 2.40603700 3.36576200 -7.23287900
v 3.33493200 3.36576200 -10.85529200
v 3.33493200 3.36576200 -10.85529200
v 1.63320100 3.36576200 -11.29166700
v 3.50644000 3.36576200 -8.83361300
v 3.33493200 3.03197700 -10.85529200
v 3.33493200 3.03197700 -10.85529200
v 1.63244100 3.03197700 -11.29186200
v -0.06214700 3.03197700 -11.72640500
v -0.06214700 3.03197700 -11.72640500
v -0.87550800 3.03197700 -11.24504900
v -0.87550800 3.03197700 -11.24504900
v -0.87550800 3.03197700 -11.24504900
v -1.47239900 3.03197700 -8.91735200
v -0.99104200 3.03197700 -8.10399200
v -0.99104200 3.03197700 -8.10399200
v 2.40603700 3.03197700 -7.23287900
v 2.40603700 3.03197700 -7.23287900
v 3.21939800 3.03197700 -7.71423500
v 3.21939800 3.03197700 -7.71423500
v 3.21939800 3.03197700 -7.71423500
v 3.21939800 3.03197700 -7.71423500
v 3.50653400 3.03197700 -8.83398200
v 3.81628800 3.03197700 -10.04193200
v 3.81628800 3.03197700 -10.04193200
v 3.81628800 3.03197700 -10.04193200
v 1.87897000 1.87131400 -11.19282200
v 1.87897000 1.87131400 -11.19282200
v 1.87967700 1.87652600 -11.18481900
v 1.87967700 1.87652600 -11.18481900
v 1.87967700 1.87652600 -11.18481900
v 1.98659400 2.39584000 -11.53251600
v 1.98659400 2.39584000 -11.53251600
v 1.98659400 2.39584000 -11.53251600
v 1.98659400 2.39584000 -11.53251600
v 1.98659400 2.39584000 -11.53251600
v 1.98588700 2.39062700 -11.54051900
v 1.98588700 2.39062700 -11.54051900
v 1.98588700 2.39062700 -11.54051900
v 1.98588700 2.39062700 -11.54051900
v 1.98588700 2.39062700 -11.54051900
v 1.98588700 2.39062700 -11.54051900
v 1.98588700 2.39062700 -11.54051900
v 1.98588700 2.39062700 -11.54051900
v 1.88626900 1.87940300 -11.17849600
v 1.88626900 1.87940300 -11.17849600
v 1.88626900 1.87940300 -11.17849600
v 1.88626900 1.87940300 -11.17849600
v 1.99318600 2.39871600 -11.52619300
v 1.99318600 2.39871600 -11.52619300
v 1.99318600 2.39871600 -11.52619300
v 1.89566100 1.87859700 -11.17681100
v 1.89566100 1.87859700 -11.17681100
v 2.00257900 2.39791100 -11.52450800
v 2.00257900 2.39791100 -11.52450800
v 2.00257900 2.39791100 -11.52450800
v 2.00257900 2.39791100 -11.52450800
v 2.00257900 2.39791100 -11.52450800
v 1.90346000 1.87448600 -11.18055200
v 1.90346000 1.87448600 -11.18055200
v 1.90346000 1.87448600 -11.18055200
v 2.01037700 2.39380000 -11.52824900
v 2.01037700 2.39380000 -11.52824900
v 2.01037700 2.39380000 -11.52824900
v 2.01037700 2.39380000 -11.52824900
v 2.01037700 2.39380000 -11.52824900
v 2.01037700 2.39380000 -11.52824900
v 1.90601500 1.86899400 -11.18797000
v 1.90601500 1.86899400 -11.18797000
v 1.90601500 1.86899400 -11.18797000
v 1.90601500 1.86899400 -11.18797000
v 2.01293200 2.38830800 -11.53566600
v 2.01293200 2.38830800 -11.53566600
v 2.01293200 2.38830800 -11.53566600
v 2.01293200 2.38830800 -11.53566600
v 2.01293200 2.38830800 -11.53566600
v 1.90213100 1.86469000 -11.19559300
v 1.90213100 1.86469000 -11.19559300
v 1.90213100 1.86469000 -11.19559300
v 2.00904900 2.38400400 -11.54328900
v 2.00904900 2.38400400 -11.54328900
v 2.00904900 2.38400400 -11.54328900
v 2.00904900 2.38400400 -11.54328900
v 2.00904900 2.38400400 -11.54328900
v 2.00904900 2.38400400 -11.54328900
v 2.00904900 2.38400400 -11.54328900
v 1.89362600 1.86358900 -11.19985400
v 1.89362600 1.86358900 -11.19985400
v 2.00054300 2.38290200 -11.54755000
v 2.00054300 2.38290200 -11.54755000
v 2.00054300 2.38290200 -11.54755000
v 2.00054300 2.38290200 -11.54755000
v 2.00054300 2.38290200 -11.54755000
v 2.00054300 2.38290200 -11.54755000
v 1.88447900 1.86620400 -11.19875900
v 1.88447900 1.86620400 -11.19875900
v 1.88447900 1.86620400 -11.19875900
v 1.88447900 1.86620400 -11.19875900
v 1.99139600 2.38551800 -11.54645500
v 1.99139600 2.38551800 -11.54645500
v 1.99139600 2.38551800 -11.54645500
v 1.99139600 2.38551800 -11.54645500
v 1.98299000 2.39727100 -11.53148700
v 1.98299000 2.39727100 -11.53148700
v 1.98299000 2.39727100 -11.53148700
v 1.98299000 2.39727100 -11.53148700
v 1.98299000 2.39727100 -11.53148700
v 2.05729900 2.75820100 -11.77314100
v 2.05729900 2.75820100 -11.77314100
v 2.05729900 2.75820100 -11.77314100
v 2.05639000 2.75149500 -11.78343700
v 2.05639000 2.75149500 -11.78343700
v 2.05639000 2.75149500 -11.78343700
v 1.98208100 2.39056400 -11.54178300
v 1.98208100 2.39056400 -11.54178300
v 1.98208100 2.39056400 -11.54178300
v 1.98208100 2.39056400 -11.54178300
v 1.98208100 2.39056400 -11.54178300
v 1.99147100 2.40097100 -11.52335300
v 1.99147100 2.40097100 -11.52335300
v 1.99147100 2.40097100 -11.52335300
v 1.99147100 2.40097100 -11.52335300
v 1.99147100 2.40097100 -11.52335300
v 2.06578000 2.76190100 -11.76500600
v 2.06578000 2.76190100 -11.76500600
v 2.00355500 2.39993500 -11.52118400
v 2.00355500 2.39993500 -11.52118400
v 2.00355500 2.39993500 -11.52118400
v 2.07786400 2.76086500 -11.76283800
v 2.07786400 2.76086500 -11.76283800
v 2.07786400 2.76086500 -11.76283800
v 2.07786400 2.76086500 -11.76283800
v 2.01358800 2.39464600 -11.52599800
v 2.01358800 2.39464600 -11.52599800
v 2.01358800 2.39464600 -11.52599800
v 2.01358800 2.39464600 -11.52599800
v 2.01358800 2.39464600 -11.52599800
v 2.01358800 2.39464600 -11.52599800
v 2.01358800 2.39464600 -11.52599800
v 2.08789700 2.75557600 -11.76765200
v 2.08789700 2.75557600 -11.76765200
v 2.01687600 2.38758000 -11.53554100
v 2.01687600 2.38758000 -11.53554100
v 2.01687600 2.38758000 -11.53554100
v 2.01687600 2.38758000 -11.53554100
v 2.01687600 2.38758000 -11.53554100
v 2.09118500 2.74851000 -11.77719500
v 2.09118500 2.74851000 -11.77719500
v 2.09118500 2.74851000 -11.77719500
v 2.01187900 2.38204300 -11.54534700
v 2.01187900 2.38204300 -11.54534700
v 2.01187900 2.38204300 -11.54534700
v 2.01187900 2.38204300 -11.54534700
v 2.08618800 2.74297300 -11.78700200
v 2.08618800 2.74297300 -11.78700200
v 2.08618800 2.74297300 -11.78700200
v 2.08618800 2.74297300 -11.78700200
v 2.00093700 2.38062500 -11.55083000
v 2.00093700 2.38062500 -11.55083000
v 2.00093700 2.38062500 -11.55083000
v 2.00093700 2.38062500 -11.55083000
v 2.00093700 2.38062500 -11.55083000
v 2.00093700 2.38062500 -11.55083000
v 2.07524500 2.74155500 -11.79248300
v 2.07524500 2.74155500 -11.79248300
v 2.07524500 2.74155500 -11.79248300
v 1.98916800 2.38399100 -11.54942200
v 1.98916800 2.38399100 -11.54942200
v 1.98916800 2.38399100 -11.54942200
v 1.98916800 2.38399100 -11.54942200
v 1.98916800 2.38399100 -11.54942200
v 1.98916800 2.38399100 -11.54942200
v 2.06347700 2.74492100 -11.79107600
v 2.06347700 2.74492100 -11.79107600
v 2.06347700 2.74492100 -11.79107600
v 1.90443700 1.83448600 -11.16768500
v 1.90443700 1.83448600 -11.16768500
v 1.90443700 1.83448600 -11.16768500
v 1.90443700 1.88297500 -11.16768500
v 1.90443700 1.88297500 -11.16768500
v 1.90443700 1.88297500 -11.16768500
v 1.87395500 1.88297500 -11.17550200
v 1.87395500 1.88297500 -11.17550200
v 1.87395500 1.88297500 -11.17550200
v 1.87395500 1.83448600 -11.17550200
v 1.87395500 1.83448600 -11.17550200
v 1.87395500 1.83448600 -11.17550200
v 1.91525900 1.83448600 -11.20988900
v 1.91525900 1.83448600 -11.20988900
v 1.91525900 1.83448600 -11.20988900
v 1.88477700 1.83448600 -11.21770600
v 1.88477700 1.83448600 -11.21770600
v 1.88477700 1.83448600 -11.21770600
v 1.88477700 1.88297500 -11.21770600
v 1.88477700 1.88297500 -11.21770600
v 1.88477700 1.88297500 -11.21770600
v 1.91525900 1.88297500 -11.20988900
v 1.91525900 1.88297500 -11.20988900
v 1.91525900 1.88297500 -11.20988900
v 1.42963500 1.02789500 -11.34214700
v 1.42963500 1.02789500 -11.34214700
v 1.42963500 1.02789500 -11.34214700
v 0.38185400 1.02789500 -11.61082900
v 0.38185400 1.02789500 -11.61082900
v 0.38185400 1.02789500 -11.61082900
v 0.38983900 1.02793100 -11.64196800
v 0.38983900 1.02793100 -11.64196800
v 0.38983900 1.02793100 -11.64196800
v 1.43762000 1.02793100 -11.37328500
v 1.43762000 1.02793100 -11.37328500
v 1.43762000 1.02793100 -11.37328500
v 0.38140500 2.90440300 -11.60907600
v 0.38140500 2.90440300 -11.60907600
v 0.38140500 2.90440300 -11.60907600
v 0.38939000 2.90444000 -11.64021600
v 0.38939000 2.90444000 -11.64021600
v 0.38939000 2.90444000 -11.64021600
v 1.42918600 2.90440300 -11.34039400
v 1.42918600 2.90440300 -11.34039400
v 1.42918600 2.90440300 -11.34039400
v 1.43717100 2.90444000 -11.37153300
v 1.43717100 2.90444000 -11.37153300
v 1.43717100 2.90444000 -11.37153300
v -1.18040400 1.06512500 -11.51685000
v -1.18040400 1.06512500 -11.51685000
v -1.18040400 1.06512500 -11.51685000
v -1.17511400 1.06512500 -11.53599200
v -1.17511400 1.06512500 -11.53599200
v -1.17511400 1.06512500 -11.53599200
v -0.64484800 1.06512500 -11.38941800
v -0.64484800 1.06512500 -11.38941800
v -0.64484800 1.06512500 -11.38941800
v -0.65013900 1.06512500 -11.37027600
v -0.65013900 1.06512500 -11.37027600
v -0.65013900 1.06512500 -11.37027600
v -0.65013900 1.06512500 -11.37027600
v -1.18040500 2.84012500 -11.51685000
v -1.18040500 2.84012500 -11.51685000
v -1.18040500 2.84012500 -11.51685000
v -0.65013900 2.84012500 -11.37027600
v -0.65013900 2.84012500 -11.37027600
v -0.65013900 2.84012500 -11.37027600
v -0.64484800 2.84012500 -11.38941700
v -0.64484800 2.84012500 -11.38941700
v -0.64484800 2.84012500 -11.38941700
v -0.64484800 2.84012500 -11.38941700
v -1.17511400 2.84012500 -11.53599200
v -1.17511400 2.84012500 -11.53599200
v -1.17511400 2.84012500 -11.53599200
v -0.23687200 2.80072900 -11.61462400
v -0.23687200 1.10347900 -11.61462300
v -0.65262700 1.10347900 -11.37505100
v -0.65262700 2.80072900 -11.37505100
v 3.29384200 2.86191700 -7.97795600
v 3.29384200 1.04526600 -7.97795600
v 3.46246900 1.04526600 -8.63555100
v 3.46246900 2.86191700 -8.63555100
vn -0.98470000 -0.13000000 -0.11640000
vn -0.96670000 -0.17850000 -0.18330000
vn -0.96810000 -0.01290000 -0.25030000
vn -0.87830000 0.35660000 0.31840000
vn -0.87840000 0.35660000 0.31830000
vn -0.35460000 0.41950000 0.83560000
vn -0.43220000 0.40970000 0.80330000
vn -0.37670000 0.56490000 0.73420000
vn 0.31380000 0.34640000 0.88400000
vn 0.30100000 0.50730000 0.80750000
vn 0.30050000 0.50450000 0.80940000
vn 0.83750000 0.21090000 0.50400000
vn 0.83760000 0.21090000 0.50400000
vn 0.98310000 -0.17860000 -0.03920000
vn 0.95110000 -0.29440000 0.09310000
vn 0.98320000 -0.17850000 -0.03910000
vn 0.94000000 -0.34040000 0.02300000
vn 0.66800000 -0.48880000 -0.56110000
vn 0.66810000 -0.48880000 -0.56100000
vn 0.04070000 -0.56760000 -0.82230000
vn 0.06000000 -0.70120000 -0.71050000
vn 0.04130000 -0.56470000 -0.82430000
vn -0.60560000 -0.38070000 -0.69880000
vn -0.58510000 -0.53180000 -0.61230000
vn -0.60510000 -0.37790000 -0.70080000
vn -0.96850000 -0.01570000 -0.24830000
vn -0.13000000 -0.81910000 0.55880000
vn -0.96850000 -0.01570000 -0.24840000
vn -0.13010000 -0.81910000 0.55880000
vn -0.13000000 -0.81900000 0.55880000
vn -0.13000000 -0.81900000 0.55880000
vn -0.86220000 0.47090000 0.18640000
vn -0.82340000 0.50890000 0.25110000
vn -0.87880000 0.35380000 0.32030000
vn -0.87880000 0.35380000 0.32020000
vn -0.37720000 0.56210000 0.73610000
vn -0.37710000 0.56210000 0.73610000
vn -0.13000000 -0.81910000 0.55880000
vn -0.13000000 -0.81900000 0.55880000
vn -0.13000000 -0.81900000 0.55890000
vn -0.13000000 -0.81900000 0.55890000
vn -0.12990000 -0.81910000 0.55880000
vn 0.27800000 0.64710000 0.70990000
vn 0.30050000 0.50450000 0.80940000
vn 0.30000000 0.50170000 0.81140000
vn -0.13000000 -0.81910000 0.55880000
vn -0.13010000 -0.81910000 0.55870000
vn -0.13000000 -0.81910000 0.55880000
vn 0.86910000 0.32390000 0.37370000
vn 0.83710000 0.20810000 0.50590000
vn 0.82430000 0.36900000 0.42940000
vn -0.12990000 -0.81910000 0.55880000
vn -0.13000000 -0.81910000 0.55880000
vn 0.98270000 -0.18140000 -0.03720000
vn -0.13000000 -0.81900000 0.55880000
vn -0.13000000 -0.81900000 0.55880000
vn 0.64880000 -0.35520000 -0.67300000
vn -0.13000000 -0.81900000 0.55880000
vn 0.66760000 -0.49170000 -0.55910000
vn -0.13000000 -0.81910000 0.55870000
vn 0.66760000 -0.49160000 -0.55910000
vn -0.13000000 -0.81910000 0.55880000
vn 0.71080000 -0.32980000 -0.62130000
vn 0.04030000 -0.57030000 -0.82040000
vn 0.04080000 -0.56750000 -0.82230000
vn -0.13000000 -0.81910000 0.55870000
vn -0.13000000 -0.81900000 0.55880000
vn 0.02030000 -0.41640000 -0.90890000
vn -0.60740000 -0.21790000 -0.76390000
vn -0.60550000 -0.38070000 -0.69890000
vn -0.60600000 -0.38350000 -0.69690000
vn -0.13000000 -0.81900000 0.55880000
vn -0.13000000 -0.81910000 0.55880000
vn -0.86230000 0.47030000 0.18770000
vn -0.82410000 0.50770000 0.25140000
vn -0.87910000 0.35140000 0.32200000
vn -0.87920000 0.35130000 0.32180000
vn -0.96850000 -0.01580000 -0.24830000
vn -0.96850000 -0.01570000 -0.24830000
vn -0.60720000 -0.21930000 -0.76370000
vn -0.60640000 -0.38590000 -0.69520000
vn -0.60550000 -0.38070000 -0.69890000
vn 0.02080000 -0.41770000 -0.90840000
vn 0.03990000 -0.57270000 -0.81880000
vn 0.04080000 -0.56750000 -0.82230000
vn 0.66810000 -0.48880000 -0.56100000
vn 0.64930000 -0.35610000 -0.67200000
vn 0.66720000 -0.49410000 -0.55750000
vn 0.98420000 -0.06350000 -0.16510000
vn 0.98190000 -0.18660000 -0.03360000
vn 0.98180000 -0.18670000 -0.03370000
vn 0.99520000 -0.01820000 -0.09620000
vn 0.82470000 0.36770000 0.42980000
vn 0.83760000 0.21090000 0.50400000
vn 0.83670000 0.20570000 0.50760000
vn 0.30050000 0.50450000 0.80940000
vn -0.37790000 0.55680000 0.73970000
vn -0.37720000 0.56200000 0.73610000
vn -0.31150000 0.69610000 0.64680000
vn -0.13010000 -0.81910000 0.55880000
vn -0.96770000 -0.01040000 -0.25180000
vn -0.96690000 -0.17710000 -0.18350000
vn -0.13000000 -0.81910000 0.55880000
vn -0.96770000 -0.01050000 -0.25200000
vn -0.98460000 -0.12940000 -0.11770000
vn -0.13000000 -0.81900000 0.55880000
vn -0.87830000 0.35660000 0.31830000
vn -0.13010000 -0.81910000 0.55880000
vn -0.13000000 -0.81910000 0.55880000
vn -0.13000000 -0.81900000 0.55880000
vn -0.43150000 0.41100000 0.80310000
vn -0.13000000 -0.81900000 0.55890000
vn -0.37720000 0.56200000 0.73620000
vn -0.37640000 0.56730000 0.73250000
vn -0.13000000 -0.81910000 0.55880000
vn 0.23480000 0.37050000 0.89870000
vn 0.30150000 0.50970000 0.80580000
vn -0.12990000 -0.81910000 0.55880000
vn -0.13000000 -0.81910000 0.55880000
vn 0.30120000 0.50980000 0.80590000
vn -0.13010000 -0.81910000 0.55870000
vn 0.31340000 0.34780000 0.88360000
vn 0.83840000 0.21610000 0.50040000
vn -0.13000000 -0.81910000 0.55880000
vn 0.83750000 0.21090000 0.50400000
vn 0.82510000 0.04780000 0.56300000
vn -0.13010000 -0.81910000 0.55870000
vn 0.98270000 -0.18140000 -0.03730000
vn -0.13000000 -0.81900000 0.55880000
vn -0.13000000 -0.81910000 0.55880000
vn 0.98270000 -0.18140000 -0.03720000
vn 0.66800000 -0.48880000 -0.56110000
vn -0.13000000 -0.81900000 0.55880000
vn 0.66650000 -0.60670000 -0.43320000
vn 0.66890000 -0.48360000 -0.56460000
vn -0.13000000 -0.81910000 0.55880000
vn -0.13000000 -0.81910000 0.55880000
vn -0.13000000 -0.81900000 0.55880000
vn 0.04170000 -0.56230000 -0.82590000
vn 0.05950000 -0.70020000 -0.71140000
vn -0.13000000 -0.81910000 0.55870000
vn 0.04080000 -0.56750000 -0.82240000
vn -0.13000000 -0.81910000 0.55880000
vn -0.60460000 -0.37550000 -0.70250000
vn -0.60560000 -0.38070000 -0.69890000
vn -0.58560000 -0.53050000 -0.61290000
vn -0.13000000 -0.81900000 0.55880000
vn -0.00000000 -1.00000000 -0.00000000
vn 0.96870000 -0.00000000 0.24840000
vn -0.24840000 -0.00000000 0.96870000
vn -0.96870000 -0.00000000 -0.24840000
vn -0.00000000 -1.00000000 -0.00000000
vn -0.24840000 -0.00000000 0.96870000
vn -0.00000000 1.00000000 -0.00000000
vn 0.96870000 -0.00000000 0.24840000
vn -0.24840000 -0.00000000 0.96870000
vn -0.96870000 -0.00000000 -0.24840000
vn -0.24840000 -0.00000000 0.96870000
vn -0.00000000 1.00000000 -0.00000000
vn -0.00000000 -1.00000000 -0.00000000
vn 0.96870000 -0.00000000 0.24840000
vn 0.24840000 -0.00000000 -0.96870000
vn -0.00000000 -1.00000000 -0.00000000
vn 0.24840000 -0.00000000 -0.96870000
vn -0.96870000 -0.00000000 -0.24840000
vn -0.00000000 1.00000000 -0.00000000
vn 0.24840000 -0.00000000 -0.96870000
vn 0.96870000 -0.00000000 0.24840000
vn 0.24840000 -0.00000000 -0.96870000
vn -0.96870000 -0.00000000 -0.24840000
vn -0.00000000 1.00000000 -0.00000000
vn -0.91080000 -0.00000000 -0.41280000
vn -0.00000000 -1.00000000 -0.00000000
vn -0.41280000 -0.00000000 0.91080000
vn -0.00000000 -1.00000000 -0.00000000
vn -0.41280000 -0.00000000 0.91080000
vn 0.91080000 -0.00000000 0.41280000
vn -0.91080000 -0.00000000 -0.41280000
vn -0.00000000 -1.00000000 -0.00000000
vn 0.41280000 -0.00000000 -0.91080000
vn 0.91080000 -0.00000000 0.41280000
vn -0.00000000 -1.00000000 -0.00000000
vn 0.41280000 -0.00000000 -0.91080000
vn -0.41280000 -0.00000000 0.91080000
vn -0.91080000 -0.00000000 -0.41280000
vn -0.00000000 1.00000000 -0.00000000
vn 0.91080000 -0.00000000 0.41280000
vn -0.00000000 1.00000000 -0.00000000
vn -0.41280000 -0.00000000 0.91080000
vn 0.41280000 -0.00000000 -0.91080000
vn -0.00000000 1.00000000 -0.00000000
vn -0.91080000 -0.00000000 -0.41280000
vn 0.41280000 -0.00000000 -0.91080000
vn 0.91080000 -0.00000000 0.41280000
vn -0.00000000 1.00000000 -0.00000000
vn -0.24840000 -0.00000000 0.96870000
vn -0.24840000 -0.00000000 0.96870000
vn -0.24840000 -0.00000000 0.96870000
vn -0.24840000 -0.00000000 0.96870000
vn -0.96870000 -0.00000000 -0.24840000
vn -0.96870000 -0.00000000 -0.24840000
vn -0.96870000 -0.00000000 -0.24840000
vn -0.96870000 -0.00000000 -0.24840000
vn -0.00000000 -1.00000000 -0.00000000
vn 0.24840000 -0.00000000 -0.96870000
vn 0.24840000 -0.00000000 -0.96870000
vn 0.24840000 -0.00000000 -0.96870000
vn 0.24840000 -0.00000000 -0.96870000
vn -0.00000000 -1.00000000 -0.00000000
vn 0.24840000 -0.00000000 -0.96870000
vn -0.00000000 -1.00000000 -0.00000000
vn 0.24840000 -0.00000000 -0.96870000
vn 0.24840000 -0.00000000 -0.96870000
vn 0.24840000 -0.00000000 -0.96870000
vn -0.00000000 -1.00000000 -0.00000000
vn 0.96870000 -0.00000000 0.24840000
vn 0.96870000 -0.00000000 0.24840000
vn 0.96870000 -0.00000000 0.24840000
vn 0.96870000 -0.00000000 0.24840000
vn 0.86060000 -0.00000000 -0.50930000
vn 0.86060000 -0.00000000 -0.50930000
vn 0.86060000 -0.00000000 -0.50930000
vn 0.86060000 -0.00000000 -0.50930000
vn 0.96870000 -0.00000000 0.24840000
vn -0.02160000 -0.99620000 0.08440000
vn 0.24740000 -0.08720000 -0.96500000
vn -0.02160000 -0.99620000 0.08440000
vn 0.24740000 -0.08720000 -0.96500000
vn -0.96870000 -0.00000000 -0.24840000
vn 0.24740000 -0.08710000 -0.96500000
vn 0.02160000 0.99620000 -0.08440000
vn -0.96870000 -0.00000000 -0.24840000
vn 0.24740000 -0.08710000 -0.96500000
vn 0.96870000 -0.00000000 0.24840000
vn 0.24740000 -0.08720000 -0.96500000
vn 0.24740000 -0.08710000 -0.96500000
vn 0.02160000 0.99620000 -0.08440000
vn -0.02160000 -0.99620000 0.08440000
vn -0.24740000 0.08720000 0.96500000
vn -0.96870000 -0.00000000 -0.24840000
vn 0.02160000 0.99620000 -0.08440000
vn -0.96870000 -0.00000000 -0.24840000
vn -0.24740000 0.08720000 0.96500000
vn -0.24740000 0.08720000 0.96500000
vn 0.96870000 -0.00000000 0.24840000
vn -0.02160000 -0.99620000 0.08440000
vn 0.02160000 0.99620000 -0.08440000
vn 0.96870000 -0.00000000 0.24840000
vn -0.24740000 0.08720000 0.96500000
vn -0.50930000 -0.00000000 -0.86060000
vn 0.24840000 -0.00000000 -0.96870000
vn -0.79770000 0.04320000 -0.60140000
vn -0.69500000 -0.28000000 -0.66230000
vn -0.79990000 -0.00000000 -0.60010000
vn -0.98990000 0.01760000 0.14080000
vn -0.98870000 0.04320000 0.14330000
vn -0.94980000 -0.31240000 -0.01550000
vn -0.92790000 -0.28000000 0.24610000
vn -0.24840000 -0.00000000 0.96870000
vn -0.86060000 -0.00000000 0.50930000
vn 0.79990000 -0.00000000 0.60010000
vn 0.79980000 -0.00000000 0.60020000
vn 0.95600000 -0.29320000 -0.00870000
vn 0.99000000 -0.00000000 -0.14120000
vn 0.98960000 0.03330000 -0.13980000
vn -0.24840000 -0.00000000 0.96870000
vn 0.50930000 -0.00000000 0.86060000
vn 0.86060000 -0.00000000 -0.50930000
vn 0.24840000 -0.00000000 -0.96870000
vn 0.24840000 -0.00000000 -0.96870000
vn 0.96870000 -0.00000000 0.24840000
vn 0.86060000 -0.00000000 -0.50930000
vn 0.24840000 -0.00000000 -0.96870000
vn 0.24840000 -0.00000000 -0.96870000
vn -0.50930000 -0.00000000 -0.86060000
vn 0.24840000 -0.00000000 -0.96870000
vn -0.80000000 -0.01760000 -0.59980000
vn -0.84010000 0.31240000 -0.44350000
vn -0.79980000 -0.00000000 -0.60020000
vn -0.99000000 -0.00000000 0.14120000
vn -0.86060000 -0.00000000 0.50930000
vn -0.24840000 -0.00000000 0.96870000
vn -0.24840000 -0.00000000 0.96870000
vn 0.50930000 -0.00000000 0.86060000
vn 0.83290000 0.28990000 0.47140000
vn 0.69500000 0.28000000 0.66230000
vn 0.79770000 -0.04320000 0.60140000
vn 0.80030000 -0.03580000 0.59850000
vn 0.96870000 -0.00000000 0.24840000
vn 0.92800000 0.27980000 -0.24590000
vn 0.99000000 -0.00000000 -0.14120000
vn 0.98870000 -0.04340000 -0.14340000
vn -0.94890000 -0.01570000 -0.31530000
vn -0.94890000 -0.01570000 -0.31520000
vn -0.89840000 0.35660000 0.25640000
vn -0.93030000 0.19330000 0.31170000
vn -0.89780000 0.35940000 0.25440000
vn -0.16870000 -0.81910000 0.54840000
vn -0.16860000 -0.81900000 0.54840000
vn -0.89890000 0.35380000 0.25830000
vn -0.83890000 0.50890000 0.19310000
vn -0.89840000 0.35660000 0.25640000
vn -0.16850000 -0.81910000 0.54840000
vn -0.91700000 0.14760000 -0.37060000
vn -0.16860000 -0.81910000 0.54840000
vn -0.94950000 -0.01850000 -0.31330000
vn -0.89440000 0.09910000 -0.43610000
vn -0.16860000 -0.81900000 0.54840000
vn -0.16870000 -0.81910000 0.54840000
vn -0.94940000 -0.01860000 -0.31340000
vn -0.42690000 0.56490000 0.70620000
vn -0.42700000 0.56490000 0.70610000
vn -0.48710000 0.40980000 0.77130000
vn -0.41200000 0.41950000 0.80890000
vn -0.42750000 0.56210000 0.70800000
vn -0.16860000 -0.81900000 0.54840000
vn -0.42760000 0.56220000 0.70790000
vn 0.24340000 0.50450000 0.82840000
vn 0.24340000 0.50440000 0.82850000
vn 0.24280000 0.50170000 0.83030000
vn -0.16860000 -0.81900000 0.54840000
vn 0.22790000 0.64700000 0.72760000
vn 0.30860000 0.62400000 0.71790000
vn 0.24270000 0.50160000 0.83030000
vn 0.80040000 0.21090000 0.56110000
vn 0.73520000 0.09140000 0.67170000
vn 0.80090000 0.21380000 0.55930000
vn 0.80040000 0.21090000 0.56120000
vn 0.79980000 0.20810000 0.56300000
vn -0.16870000 -0.81900000 0.54840000
vn -0.16870000 -0.81910000 0.54840000
vn -0.16860000 -0.81900000 0.54840000
vn 0.84100000 0.32390000 0.43340000
vn 0.93600000 -0.34060000 0.08850000
vn 0.94230000 -0.29440000 0.15910000
vn 0.98350000 -0.17850000 0.02950000
vn 0.98350000 -0.17870000 0.02950000
vn -0.16860000 -0.81910000 0.54840000
vn 0.98290000 -0.18140000 0.03140000
vn -0.16870000 -0.81900000 0.54840000
vn 0.98290000 -0.18140000 0.03130000
vn -0.16870000 -0.81910000 0.54840000
vn 0.63700000 -0.63280000 -0.44020000
vn 0.70550000 -0.48880000 -0.51310000
vn 0.70610000 -0.48600000 -0.51510000
vn 0.70550000 -0.48880000 -0.51310000
vn -0.16860000 -0.81910000 0.54840000
vn -0.16870000 -0.81910000 0.54830000
vn -0.16860000 -0.81910000 0.54830000
vn -0.16870000 -0.81900000 0.54840000
vn 0.70500000 -0.49160000 -0.51120000
vn 0.75230000 -0.32980000 -0.57030000
vn 0.09790000 -0.56750000 -0.81750000
vn 0.09800000 -0.56750000 -0.81750000
vn 0.08360000 -0.41640000 -0.90530000
vn 0.09750000 -0.57040000 -0.81560000
vn 0.09740000 -0.57030000 -0.81560000
vn -0.16860000 -0.81910000 0.54830000
vn 0.16650000 -0.42350000 -0.89040000
vn -0.16860000 -0.81910000 0.54840000
vn -0.55490000 -0.37780000 -0.74120000
vn -0.54100000 -0.53180000 -0.65160000
vn -0.60990000 -0.49550000 -0.61850000
vn -0.55480000 -0.37780000 -0.74130000
vn -0.16850000 -0.81910000 0.54840000
vn -0.16860000 -0.81910000 0.54830000
vn -0.55540000 -0.38070000 -0.73940000
vn -0.55540000 -0.38070000 -0.73930000
vn -0.16860000 -0.81900000 0.54840000
vn -0.93000000 0.19480000 0.31160000
vn -0.89730000 0.36180000 0.25280000
vn -0.16870000 -0.81910000 0.54840000
vn -0.89840000 0.35660000 0.25640000
vn -0.89840000 0.35660000 0.25640000
vn -0.89940000 0.35140000 0.25990000
vn -0.83960000 0.50770000 0.19340000
vn -0.95000000 -0.02090000 -0.31170000
vn -0.94890000 -0.01570000 -0.31530000
vn -0.91730000 0.14620000 -0.37050000
vn -0.95180000 -0.17710000 -0.25040000
vn -0.94780000 -0.01050000 -0.31880000
vn -0.16860000 -0.81900000 0.54840000
vn -0.94890000 -0.01570000 -0.31520000
vn -0.16860000 -0.81910000 0.54840000
vn -0.48640000 0.41100000 0.77100000
vn -0.16860000 -0.81900000 0.54840000
vn -0.42640000 0.56730000 0.70450000
vn -0.42650000 0.56730000 0.70450000
vn -0.41250000 0.42060000 0.80810000
vn -0.42750000 0.56210000 0.70800000
vn -0.42760000 0.56200000 0.70800000
vn -0.16870000 -0.81900000 0.54840000
vn 0.24340000 0.50450000 0.82840000
vn -0.16860000 -0.81900000 0.54840000
vn 0.22830000 0.64600000 0.72840000
vn 0.24220000 0.49930000 0.83190000
vn 0.24240000 0.49930000 0.83190000
vn 0.30780000 0.62330000 0.71890000
vn 0.73600000 0.09210000 0.67070000
vn -0.16870000 -0.81910000 0.54840000
vn 0.80150000 0.21610000 0.55760000
vn -0.16870000 -0.81900000 0.54840000
vn -0.16860000 -0.81910000 0.54840000
vn 0.80140000 0.21620000 0.55770000
vn 0.78390000 0.04780000 0.61910000
vn 0.80040000 0.21090000 0.56120000
vn 0.80040000 0.21090000 0.56110000
vn -0.16860000 -0.81910000 0.54840000
vn -0.16870000 -0.81900000 0.54840000
vn 0.93660000 -0.33910000 0.08830000
vn 0.98400000 -0.17620000 0.02780000
vn 0.98290000 -0.18140000 0.03130000
vn 0.98180000 -0.18660000 0.03490000
vn 0.98290000 -0.18140000 0.03130000
vn 0.99950000 -0.01820000 -0.02660000
vn 0.70550000 -0.48880000 -0.51320000
vn 0.70550000 -0.48880000 -0.51310000
vn -0.16870000 -0.81910000 0.54830000
vn -0.16860000 -0.81910000 0.54840000
vn 0.69460000 -0.35610000 -0.62510000
vn 0.70450000 -0.49400000 -0.50960000
vn 0.70440000 -0.49410000 -0.50970000
vn 0.75180000 -0.33120000 -0.57020000
vn 0.09800000 -0.56750000 -0.81750000
vn -0.16860000 -0.81910000 0.54830000
vn -0.16860000 -0.81910000 0.54840000
vn 0.10890000 -0.70020000 -0.70560000
vn -0.16870000 -0.81910000 0.54830000
vn 0.09910000 -0.56230000 -0.82100000
vn 0.09800000 -0.56750000 -0.81750000
vn 0.09680000 -0.57270000 -0.81400000
vn 0.08410000 -0.41770000 -0.90470000
vn -0.16860000 -0.81910000 0.54830000
vn -0.16860000 -0.81910000 0.54840000
vn -0.16850000 -0.81910000 0.54840000
vn -0.55540000 -0.38060000 -0.73930000
vn -0.55420000 -0.37550000 -0.74290000
vn -0.54150000 -0.53050000 -0.65220000
vn -0.55650000 -0.38590000 -0.73580000
vn -0.55250000 -0.21930000 -0.80420000
vn -0.55540000 -0.38080000 -0.73930000
vn 0.96870000 -0.00000000 0.24840000
vn -0.24840000 -0.00000000 0.96870000
vn -0.00000000 -1.00000000 -0.00000000
vn -0.00000000 1.00000000 -0.00000000
vn 0.96870000 -0.00000000 0.24840000
vn -0.24840000 -0.00000000 0.96870000
vn -0.24840000 -0.00000000 0.96870000
vn -0.00000000 1.00000000 -0.00000000
vn -0.96870000 -0.00000000 -0.24840000
vn -0.00000000 -1.00000000 -0.00000000
vn -0.24840000 -0.00000000 0.96870000
vn -0.96870000 -0.00000000 -0.24840000
vn 0.24840000 -0.00000000 -0.96870000
vn -0.00000000 -1.00000000 -0.00000000
vn 0.96870000 -0.00000000 0.24840000
vn 0.24840000 -0.00000000 -0.96870000
vn -0.00000000 -1.00000000 -0.00000000
vn -0.96870000 -0.00000000 -0.24840000
vn -0.96870000 -0.00000000 -0.24840000
vn 0.24840000 -0.00000000 -0.96870000
vn -0.00000000 1.00000000 -0.00000000
vn 0.24840000 -0.00000000 -0.96870000
vn -0.00000000 1.00000000 -0.00000000
vn 0.96870000 -0.00000000 0.24840000
vn -0.24840000 -0.00100000 0.96870000
vn 0.96870000 -0.00000000 0.24840000
vn 0.00030000 -1.00000000 -0.00110000
vn -0.24840000 -0.00100000 0.96870000
vn 0.00030000 -1.00000000 -0.00110000
vn -0.96870000 -0.00000000 -0.24840000
vn 0.24840000 0.00100000 -0.96870000
vn -0.96870000 -0.00000000 -0.24840000
vn 0.00030000 -1.00000000 -0.00110000
vn 0.00030000 -1.00000000 -0.00110000
vn 0.96870000 -0.00000000 0.24840000
vn 0.24840000 0.00100000 -0.96870000
vn -0.96870000 -0.00000000 -0.24840000
vn -0.00030000 1.00000000 0.00110000
vn -0.24840000 -0.00100000 0.96870000
vn -0.00030000 1.00000000 0.00110000
vn 0.24840000 0.00100000 -0.96870000
vn -0.96870000 -0.00000000 -0.24840000
vn -0.24840000 -0.00100000 0.96870000
vn 0.96870000 -0.00000000 0.24840000
vn -0.00030000 1.00000000 0.00110000
vn 0.96870000 -0.00000000 0.24840000
vn -0.00030000 1.00000000 0.00110000
vn 0.24840000 0.00100000 -0.96870000
vn -0.00000000 -1.00000000 -0.00000000
vn -0.96390000 -0.00000000 -0.26640000
vn -0.26640000 -0.00000000 0.96390000
vn 0.26640000 -0.00000000 -0.96390000
vn -0.00000000 -1.00000000 -0.00000000
vn -0.96390000 -0.00000000 -0.26640000
vn 0.26640000 -0.00000000 -0.96390000
vn -0.00000000 -1.00000000 -0.00000000
vn 0.96390000 -0.00000000 0.26640000
vn 0.96390000 -0.00000000 0.26640000
vn -0.26640000 -0.00000000 0.96390000
vn -0.00000000 -1.00000000 -0.00000000
vn 0.96380000 -0.00000000 0.26640000
vn -0.96390000 -0.00000000 -0.26640000
vn -0.00000000 1.00000000 -0.00000000
vn -0.26640000 -0.00000000 0.96390000
vn -0.00000000 1.00000000 -0.00000000
vn -0.26640000 -0.00000000 0.96390000
vn 0.96380000 -0.00000000 0.26640000
vn 0.26640000 -0.00000000 -0.96390000
vn 0.96380000 -0.00000000 0.26640000
vn 0.96390000 -0.00000000 0.26640000
vn -0.00000000 1.00000000 -0.00000000
vn -0.96390000 -0.00000000 -0.26640000
vn 0.26640000 -0.00000000 -0.96390000
vn -0.00000000 1.00000000 -0.00000000
vn -0.49930000 -0.00000000 -0.86640000
vn -0.49930000 -0.00000000 -0.86640000
vn -0.49930000 -0.00000000 -0.86640000
vn -0.49930000 -0.00000000 -0.86640000
vn 0.96870000 -0.00000000 0.24840000
vn 0.96870000 -0.00000000 0.24840000
vn 0.96870000 -0.00000000 0.24840000
vn 0.96870000 -0.00000000 0.24840000
vt 0.25429800 0.41913600
vt 0.25429800 0.41913600
vt 0.25429800 0.41913600
vt 0.25039300 0.41913600
vt 0.25039300 0.41913600
vt 0.24648800 0.41913600
vt 0.24648800 0.41913600
vt 0.24648800 0.41913600
vt 0.24258300 0.41913600
vt 0.24258300 0.41913600
vt 0.24258300 0.41913600
vt 0.23867800 0.41913600
vt 0.23867800 0.41913600
vt 0.23477300 0.41913600
vt 0.23477300 0.41913600
vt 0.23477300 0.41913600
vt 0.23477300 0.41913600
vt 0.26552300 0.41913600
vt 0.23135800 0.41913600
vt 0.26210700 0.41913600
vt 0.26210700 0.41913600
vt 0.26210700 0.41913600
vt 0.25820200 0.41913600
vt 0.25820200 0.41913600
vt 0.25820200 0.41913600
vt 0.25429800 0.19305400
vt 0.25429800 0.19305400
vt 0.25429800 0.19305400
vt 0.25429800 0.19305400
vt 0.25429800 0.19305400
vt 0.25039300 0.19305400
vt 0.25039300 0.19305400
vt 0.25039300 0.19305400
